328.67926,264.62265,356.695557,136.971497
328,265,353.864014,136.248001
328,265,351.040527,135.75676
328,265,348.423584,135.323151
328,265,345,135
328,265,342.772278,134.777222
328,265,339.511627,134.59346
323.600037,258.700012,337,135
323.000031,259.000031,333.999969,134
323.000031,259.000031,331,134
323.000031,259.000031,328,134
323.700012,258.900024,325.499969,134
323.700012,258.900024,323,134
323.000031,259.000031,320.03302,133.961914
323.700012,258.900024,317.223267,134.067535
323.700012,258.900024,314.438477,134.507706
323.700012,258.900024,311.919952,134.940002
323.700012,258.900024,309.067566,135.405411
328,265,306.40802,135.744003
328.705872,264.323547,303.634583,136.17308
328.999969,271.000031,300.952911,136.788239
328.999969,271.000031,298.323517,137.294128
328,260,295.723083,137.984619
327.842651,260.296967,293.01889,138.566025
327.840118,260.261414,290.410828,139.335144
327.840118,260.261414,287.850037,140.050018
327.840118,260.261414,285.169678,140.975113
327.579987,260.559998,282.802002,141.980209
328,262,280.103485,142.758621
327.200012,261.900024,277.689697,143.775864
327.793091,263.482758,275.205475,144.952057
327.770294,262.621643,272.73941,145.946182
327.770294,262.621643,270.384888,147.170822
327.770294,262.621643,268.10849,148.291229
328,263,265.700592,149.617844
328,263,263.29245,150.72641
328,263,261.044128,152.073547
328,263,258.619812,153.39801
328,263,256.461517,154.692307
328,263,254.153839,156.230759
328,263,252.100693,157.92952
328,263,249.960022,159.280029
328,263,247.925659,160.903336
328.200043,264.400024,245.869232,162.546158
328,264,243.764679,164.058807
328,264,241.982391,165.729431
328.500031,264.500031,240.041351,167.296539
328.500031,264.500031,237.750015,168.75
328,264,236.000015,170.5
325.800018,264.399994,234.500031,172.500015
328,264,233.000031,174.000015
328.229492,264.524567,231.000031,176.000015
328,264,229.336914,177.662537
328,264,227.811462,179.426224
328,264,226.237671,181.114761
328,264,224.804886,183.243912
328,264,223.279999,184.959991
327.338257,262.897034,221.826599,186.872833
328,264,220.416107,188.691269
328,263,219.153854,190.769226
327.300018,261.900024,217.875473,192.527084
327.619965,261.339996,216.623535,194.305878
327.619965,261.339996,215.488785,196.117966
327.619965,261.339996,214.264267,197.904144
327.619965,261.339996,213.353851,199.630768
327.619965,261.339996,212.391525,201.4953
328,262,211.288498,203.151871
327.619965,261.339996,210.40004,204.700027
327.619965,261.339996,209.40004,206.700027
327.619965,261.339996,208.600037,208.300018
327.619965,261.339996,208.030823,209.832184
327.619965,261.339996,207.290924,211.430847
328.300049,263.100006,206.670914,212.856903
328.300049,263.100006,205.969391,214.197647
328.250031,263.250031,205.379303,215.551743
328.300049,263.100006,204.915833,216.967438
328.250031,263.250031,204.250015,218.249985
328.300049,263.100006,203.773712,219.372269
328.300049,263.100006,203.335754,220.576645
328.250031,263.250031,203.100021,221.700012
328.250031,263.250031,202.600021,222.700012
327.949982,263.650024,202.150009,223.550003
328.250031,263.250031,201.850021,224.449997
328.103424,264.241364,201.765747,225.241791
328.103424,264.241364,201.535156,226.010803
328.250031,263.250031,201.250946,226.778046
327.948273,264.379333,201.05661,227.30188
328.147095,263.411804,200.830185,228.094345
327.948273,264.379333,200.679245,228.622635
327.79248,264.22644,200.396225,229.113205
328,264,200.245285,229.64151
328.103424,264.241364,200.230743,230.153854
327.879303,264.551727,200.099594,230.626587
328,264,200.000015,231.000015
328,264,199.900421,231.373474
327.948273,264.379333,199.794128,231.823532
327.79248,264.22644,199.558838,232.264709
327.948273,264.379333,199.441193,232.735321
328,264,199.323532,233.205902
327.649994,264.550018,199.205887,233.676514
327.649994,264.550018,199.227524,234.014023
327.649994,264.550018,199.136169,234.432678
327.649994,264.550018,198.914764,234.862305
327.649994,264.550018,198.86557,235.32132
327.649994,264.550018,198.729385,235.717651
327.649994,264.550018,198.635269,236.141174
327.649994,264.550018,198.411743,236.647049
327.649994,264.550018,198.294098,237.176468
327.649994,264.550018,198.286499,237.639297
327.649994,264.550018,198.190994,238.092865
327.71701,264.49057,197.980759,238.596176
327.649994,264.550018,197.884613,239.076935
327.649994,264.550018,197.865372,239.673096
328,264,197.769241,240.153854
328,264,197.653854,240.730774
327.649994,264.550018,197.480011,241.359985
327.649994,264.550018,197.456009,241.991989
328,264,197.299072,242.530273
327.705902,264.676514,197.157562,243.265228
328,265,197.034668,243.774551
327.649994,264.550018,196.919067,244.526001
327.800049,264.600006,196.859039,245.201355
327.5,265,196.762405,245.853683
327.5,265,196.689987,246.669998
327.5,265,196.509995,247.429977
327.5,265,196.409988,248.12999
327.5,265,196.347748,248.978989
328,265,196.230774,249.653885
327.5,265,196.08316,250.626968
327.5,265,195.979507,251.225418
327.5,265,195.860672,252.032791
327.5,265,195.733582,253.063812
328,265,195.602463,253.872955
328,265,195.475876,254.789673
328,265,195.405411,255.432434
328,265,195,257
327.5,265,195,257
328,265,195,258
328,265,195,259
328,265,195,260
328,265,195,261
328,265,194.999985,262
328,265,195,263
328,265,195,264
328,265,195,264
328,265,195,265
328,265,195,266
328,265,195,267
328,265,194.999985,268
328,265,195,269
328,265,195,270
328,265,195,271
328,265,195,272
328,265,195,273
328,265,195,274
328,265,195,275
328,265,195.567627,275.879395
328,265,195.604126,276.551666
328,265,195.674072,277.426056
328,265,195.751724,278.520691
328,265,195.75412,279.295105
328,265,195.820251,280.112396
328,265,195.90686,281.115051
328,265,196.006805,282.058014
328,265,196.123077,282.984619
327.5,265,196.307724,283.961548
328,265,196.329971,284.809967
328,265,196.439301,285.855469
328,265,196.578033,286.757202
327.5,265,196.7052,287.583801
327.5,265,196.837845,288.527039
327.5,265,197.032852,289.422333
328,265,197.190384,290.24942
328,265,197.405945,291.295349
327.5,265,197.425323,292.222351
327.5,265,197.682343,293.070557
327.5,265,197.764725,293.941162
328,265,198.058975,294.755585
328,265,198.323547,295.794128
328,265,198.411774,296.647095
328,264,198.633148,297.578522
327.7547,264.64151,198.882935,298.546356
328,264,199.178436,299.419098
328,264,199.461533,300.192322
328,264,199.64151,301.24527
328,264,199.77359,302.20755
328,264,200.266068,303.220215
327.400024,264.800018,200.473541,304.166199
328,264,200.770691,305.033356
328,264,201.026138,305.831635
327.400024,264.800018,201.150009,306.950012
327.862061,264.655182,201.450012,307.850006
328,264,201.984818,308.83136
327.400024,264.800018,202.321152,309.883179
327.689636,264.724152,202.646591,310.94574
327.400024,264.800018,203.034256,311.924652
327.689636,264.724152,203.413803,313.034485
326.600006,265.200012,203.827591,314.06897
326.600006,265.200012,204.241379,315.103455
326.600006,265.200012,204.655167,316.137909
326.800049,265.600037,205.06897,317.327606
326.800018,265.100006,205.659805,318.484528
333.000031,270,206.02063,319.546387
326.800018,265.100006,206.512177,320.609711
325.697968,264.271576,207.044388,321.693176
325.697968,264.271576,207.640335,322.897797
325.440002,264.579987,208.000031,324
330.999969,271.000031,208.700012,325.400024
325.440002,264.579987,209.000046,326.500031
327.200012,263.600037,209.683273,327.460541
327.200012,263.600037,210.414001,328.592346
327.200012,263.600037,211.063339,329.684509
327.200012,263.600037,211.66156,330.907684
327,264.000031,212.357529,332.041473
327.200012,263.600037,212.941177,333.235291
327.200012,263.600037,213.617661,334.529449
327.200012,263.600037,214.25322,335.536469
327.200012,263.600037,215.007935,336.67923
327.200012,263.600037,215.615372,337.923096
327.200012,263.600037,216.615387,338.923065
327.200012,263.600037,217.153824,340.230743
327.200012,263.600037,218.177063,341.442047
327.500031,264.500031,219.021667,342.593628
327.500031,264.500031,219.886505,343.718903
327.500031,264.500031,220.605423,344.919617
327.500031,264.500031,221.475845,346.018616
331.32309,259.584625,222.345749,347.349487
331.32309,259.584625,223.268295,348.585358
331.32309,259.584625,224.297028,349.529694
329.200043,257.600037,225.122375,350.781036
329.200043,257.600037,226.247055,351.788269
329.200043,257.600037,227.068954,352.827606
329.200043,257.600037,227.967407,354.141968
329.200043,257.600037,229.142975,355.279633
329.100067,257.800018,230.2556,356.610229
326,265,231.750046,357.750031
329.100067,257.800018,232.750031,358.750031
329.100067,257.800018,234,360
325.01889,264.43396,235.250031,361.250031
325.01889,264.43396,236.366043,362.918854
325.01889,264.43396,237.672562,364.088501
325.459991,264.779999,239.094131,365.223541
325.01889,264.43396,240.483597,366.319641
328.000031,265.000031,241.975388,367.729492
328.000031,265.000031,243.219498,368.975647
327.750031,265.250031,244.892334,370.138458
328.000031,265.000031,246.339996,371.380005
328.000031,265.000031,247.860001,372.519989
327.750031,265.250031,249.445953,373.67569
328.965515,266.413818,251.153839,374.769196
329.482758,266.206909,252.615372,376.076874
328.500031,264.500031,254.258041,377.106781
328.965515,266.413818,256.152924,378.188232
329.482758,266.206909,257.76828,379.380707
329.482758,266.206909,259.657867,380.389862
329.5,266,261.409302,381.570709
328,266,263.261139,382.687866
328,265,265.197235,383.61795
326.699982,264.600006,267.300049,384.900055
326.699982,264.600006,269.400024,386.200012
326.799988,264.400024,271.675262,386.855682
326.799988,264.400024,273.442963,387.708618
326.799988,264.400024,275.341187,388.564728
328,265,277.618561,389.391724
328,265,279.801331,390.363007
328,265,282.119995,391.160004
328,265,284.450043,392.150024
328,265,286.859436,392.956787
328,265,289.371552,393.761475
328,265,292.008301,394.468872
328,265,294.588257,395.147095
328,265,297.152924,395.811798
328,265,299.835571,396.281189
328,265,302.719208,396.864197
328,265,305.500031,397.500031
328,265,308.327515,398.043671
328,265,311.128754,398.276703
328,265,314.280914,398.550598
328,265,317.058777,398.735291
328,265,320,399
328,265,323.5,399
328,265,327,399
328,265,329.5,399
330,260,333,399
328,265,337,400
328,265,339.552063,398.994537
328,265,342.828033,398.667358
328,265,345.644287,398.348969
328,265,348.889282,397.872498
328,265,351.875458,397.335846
328,265,355.164673,396.741211
328,265.5,358.360718,396.032776
328,265,361.427399,395.352692
328,265,364.5849,394.547119
328,265,367.800018,393.399963
328,265,370.669464,392.549774
328,265,373.613464,391.494873
328,264,376.793091,390.482758
328.100037,265.200043,379.494843,389.113403
328.100037,265.200043,382.35907,387.902313
328.200043,264.900055,385.100067,386.700043
328.300049,265.100037,387.862213,385.388275
328.000031,265.000031,390.423889,384.107269
328.100037,265.200043,393.619171,382.347137
328.16925,265.046173,396.485291,380.808838
328.061554,265.107697,399.054474,379.085114
328.32785,265.393433,401.699982,377.400024
328.204895,265.24588,404.151031,375.644318
328.08197,265.098328,406.700012,374.100006
328.08197,265.098328,409.16153,372.207703
328.500031,265.000031,411.519836,370.302002
328.000031,265.000031,413.836029,368.303284
325,265,416.270782,366.356384
325,265,418.31134,364.33963
325,265,420.500031,362.5
325,265,422.73587,360.699097
325,265,424.773163,358.329071
328.250031,265.250031,426.850861,356.16571
328.250031,265.250031,428.717682,353.829407
328.250031,265.250031,430.57373,351.811462
328.250031,265.250031,432.53476,349.455811
328.250031,265.250031,434.119995,347.340027
328.250031,265.250031,435.922821,344.895996
328.250031,265.250031,437.677673,342.467316
328.250031,265.250031,439.461517,340.307678
328.500031,265.500031,440.779388,337.867645
328.538483,265.307709,442.246185,335.569244
328.600006,265.200012,443.67511,333.09552
328.600006,265.200012,444.980865,330.535004
328.600006,265.200012,446.400024,328.199982
328.600006,265.200012,447.690491,325.811432
328.600006,265.300018,448.882874,323.253632
328.800018,265.400024,450.017212,320.793091
328.800018,265.400024,451.103424,318.241364
329,265.5,452.131439,315.858246
328.600006,265.300018,453.072998,313.299255
328.5,265,454.003113,310.824615
328,265,454.813538,308.256927
329,265,455.720184,305.766113
329,265,456.481384,303.195007
329.5,265,457.117676,300.529419
329.5,265,457.807281,298.065857
329,265,458.387329,295.660492
329.5,265,458.900879,293.069702
329,265,459.486511,290.581116
329.5,265,459.844025,287.975037
329.5,265,460.338531,285.292328
331.049164,262.458984,460.615845,282.957306
331.049164,262.458984,460.75824,280.659851
331.049164,262.458984,460.868896,277.942657
323.600037,258.700012,461,275
323.600037,258.700012,461,273
323.600037,258.700012,461,271
323.600037,258.700012,462,268
323.600037,258.700012,461,258.5
323.600037,258.700012,461,255
328,270,461,252.5
328,270,461,249.5
328,270,461.197998,255.980225
328,270,461.037567,253.819107
328,270,460.821014,251.157257
328,265,460.43927,248.855453
328,265,460.16217,246.472961
328,265,459.649506,244.234833
328,265,459.307709,242.038467
328,265,458.823517,239.705872
328.5,265,458.367188,237.560638
328,265,458.058838,235.235306
328.5,265,457.33963,233.18869
328,265,456.69809,230.943405
328,265,456.100739,228.652405
328.5,265,455.350037,226.550003
328,265,454.773682,224.627747
329.293121,261.982758,453.981903,222.451157
328,265,453.310333,220.275864
328,265,452.348267,218.327057
329.100037,264.700043,451.75,216.250015
330,270,450.804169,214.309311
328.700043,264.900024,450.04248,212.215271
330,270,449.000061,210.5
330,270,448.100067,208.699997
330,270,447.247284,206.869843
330,270,446.325226,204.937912
330,270,445.410492,203.090134
330,270,444.557068,201.383392
330,270,443.441162,199.735291
330,270,442.427002,197.983124
330,270,441.538422,196.307663
330,270,440.561829,194.898865
330,270,439.318024,193.126007
330,270,438.346039,191.722015
330,270,437.445923,190.324326
332.000031,262.000031,436.320068,188.760025
332.000031,262.000031,435.180054,187.240021
332.000031,262.000031,434.317047,186.146332
332.000031,262.000031,433.170746,184.463425
332.000031,260.000031,431.948029,183.269806
332.000031,262.000031,430.942627,182.131134
335.000031,269,429.902649,180.460175
329,258,428.823242,179.3591
332.000031,260.000031,427.773529,178.303879
321,267,426.792328,177.191696
321,267,425.670898,176.226807
321,267,424.451385,175.104568
328.430786,261.446167,423.176239,173.429428
328.430786,261.446167,422.455444,172.671844
328.430786,261.446167,421.20459,171.385269
328.430786,261.446167,420.29187,170.628937
328.430786,261.446167,419.321289,169.746597
328.430786,261.446167,418.221039,168.698883
328.430786,261.446167,417.220642,167.75174
328.430786,261.446167,416.327423,166.911514
328.430786,261.446167,415.482361,166.270584
328.430786,261.446167,414.573761,165.311478
328.430786,261.446167,413.639343,164.532761
328.430786,261.446167,412.634155,163.707321
328.43396,262.01889,411.788483,163.057693
328.430786,261.446167,410.752686,162.371628
327.024414,263.219513,409.926849,161.658524
328.43396,262.01889,409.320007,161.23999
326.84613,261.769196,408.258514,160.506271
328,270,407.642029,159.923782
327.024414,263.219513,406.731567,159.312103
327.634613,263.826904,406.154388,158.708069
327.634613,263.826904,405.28006,158.040009
327.634613,263.826904,404.923035,157.615372
327.634613,263.826904,404,157
327.634613,263.826904,403.307678,156.538452
327.884613,270.576935,402.561401,156.182312
328.399994,264.200012,401.879089,155.743683
327.634613,263.826904,401.373688,155.418777
327.884613,270.576935,400.706146,155.125519
330,271,400.118835,154.811874
330,271,399.522491,154.264053
330,271,399.000031,154.000015
331,264,398.558838,153.735306
330,271,397.970612,153.38237
330,271,397.384613,153.07692
330,271,396.800018,152.600006
329,264,396.369232,152.353836
329,264,395.83078,152.046158
329,264,395.353851,151.630783
329,264,394.834412,151.636932
329,264,394.273895,151.331192
329,264,393.751617,150.955383
329,264,393.191071,150.649658
330.5,264,392.700623,150.382172
329,264,392.21106,149.979233
329,264,391.796112,149.78743
328.800049,264.400024,391.276794,149.480988
329,264,390.800018,149.400024
329,264,390.399994,149.200012
329,264,389.700012,148.600006
330.5,264,389.200012,148.600021
329,264,388.900024,148.200012
329,264,388.241852,147.996094
329,264,387.842896,147.829956
329,264,387.300293,147.611908
328.800018,264.400024,386.793243,147.314453
328.800049,264.400024,386.253662,147.117065
328.800049,264.400024,385.83902,146.84877
328.800049,264.400024,385.395996,146.651474
328.800049,264.400024,384.975586,146.219498
328.800049,264.400024,384.505188,146.113403
328.800049,264.400024,383.948486,145.865967
328.800049,264.400024,383.325928,145.750397
328.800049,264.400024,382.827606,145.56897
328.800049,264.400024,382.454132,145.296463
329.000031,264.500031,381.955627,145.106506
328.800049,264.400024,381.423065,144.884613
328.800049,264.400024,380.793121,144.517242
328.800049,264.400024,380.379303,144.551727
328.800049,264.400024,379.758606,144.103424
328.800049,264.400024,379.239716,143.976807
328.800049,264.400024,378.703613,143.770615
328.800049,264.400024,378.275879,143.310333
329.235992,264.522522,377.663452,143.208694
328.800049,264.400024,377,143
328.800049,264.400024,376.357666,142.766434
328.800049,264.400024,375.710388,142.610855
328.800049,264.400024,375.083069,142.264618
328.800049,264.400024,374.455414,142.043091
329.235992,264.522522,373.827698,141.821548
329.235992,264.522522,373.149994,141.550003
328.800049,264.400024,372.392059,141.384537
329.235992,264.522522,371.778534,141.186615
328.800049,264.400024,370.889709,140.844696
329.376434,264.297791,370.214111,140.488663
328.900024,264.200012,369.518951,140.313522
329.000031,264,368.669739,140.100922
329.376434,264.297791,367.889954,139.866974
329.376434,264.297791,367.11319,139.603775
328,264,366.32074,139.37735
328,264,365.573059,139.065384
328,264,364.766388,138.895569
328.5849,264.45282,363.930969,138.764603
328,264,363.138031,138.470795
328.5849,264.45282,362.285858,138.267319
328,264,361.500031,138
328.5849,264.45282,360.704926,137.754089
328,264,359.882385,137.529419
328,264,359.035309,137.341187
328,264,358.168304,137.21463
328,264,357.201599,137.04245
328.67926,264.62265,356.423065,136.884628
328.67926,264.62265,355.446442,136.656479
328,265,354.655975,136.391998
328,264,353.70401,136.128006
328,265,352.810791,136.135132
328,265,351.918945,135.986496
328,265,351.018707,135.883011
328,265,350.135162,135.689194
328,265,349.081055,135.513519
328,265,348.309967,135.329987
328,264.5,347.230774,135.153854
328,265,346.464111,135.054596
328,264.5,345.213684,134.969864
328,265,345,135
328,265,343.282227,134.819183
328,264.5,342.541565,134.813492
328,265,341.299194,134.70903
328,265,340.572449,134.631042
329,265,339,135
329,265,339,135
329,265,337,135
329,265,336,134
329,264.5,334.999969,134
329,265,334,134
329,265,333,134
329,265,331.999969,134
329,265,331,134
329,265,330,134
329,265,329,134
323.700012,258.900024,328,134
323.700012,258.900024,327,134
323.700012,258.900024,326,134
323.700012,258.900024,324,134
323.700012,258.900024,323.499969,134
323.700012,258.900024,322,134
323.700012,258.900024,321.861145,133.847687
323.700012,258.900024,320.031982,133.963333
323.700012,258.900024,319.034119,133.960434
323.700012,258.900024,318.003174,134.039734
323.700012,258.900024,316.786926,134.155746
323.700012,258.900024,315.819153,134.282181
323.700012,258.900024,314.235504,134.501694
323.600006,258.800018,313.175049,134.768982
323.700012,258.900024,311.97998,134.860016
328,265,310.549103,135.069366
328,265,309.459442,135.256744
328,265,308.165161,135.449539
328,265,306.76004,135.679993
328,265,305.533936,135.820175
328.276978,264.215424,304.126953,136.166306
328.509399,264.283051,302.673065,136.365387
328.47168,264.15094,301.270569,136.717651
328.47168,264.15094,299.875397,136.97049
328.47168,264.15094,298.441162,137.264709
328.750031,263.250031,296.962677,137.60997
328.100037,263.300018,295.426941,138.065384
328.28299,263.49057,293.98114,138.433945
328.629272,261.063416,292.353241,138.844025
328.651184,260.960968,290.64325,139.340561
328.651184,260.960968,289.08313,139.763214
328.651184,260.960968,287.250031,140.25
328,262,285.615387,140.92308
327.649963,260.549988,284.014587,141.540161
328,262,282.136993,142.198639
328,261.5,280.103455,142.758606
327.810791,262.364838,278.349091,143.437881
328,263,276.431061,144.172424
328,262.5,274.640411,145.208908
327.783783,262.202698,272.581512,146.133087
327.851349,262.608124,270.600006,147.199997
328,263,268.500031,148
328.100037,264.200012,266.39624,149.11322
328,263,264.188721,150.33963
328.000031,264.000031,261.861572,151.50769
328.000031,264.000031,259.828339,152.721039
328,263,257.554169,154.2509
328,263,255.307678,155.461517
328,263,253.230743,156.846146
328,263,251.048996,158.484741
328,263,248.760025,160.180023
328,264,246.440033,161.920013
328,264,244.24585,163.795074
328,264,242.059723,165.643707
328,264,239.665512,167.186203
328,264,237.500015,169
328,264,235.000015,171.5
328,264,233.000015,173.5
328,264,231.143066,175.793442
328,264,228.994507,177.89505
328,264,227.117661,180.029419
328,264,225.439041,182.451233
328,264,223.339996,184.880005
328,264,221.583771,187.197296
327.300018,261.900024,219.799988,189.599991
328,263,218.153229,192.198074
327.205902,262.676483,216.364365,194.756424
328,262,214.73848,197.207687
327.619965,261.339996,213.261566,199.792297
328,262,211.733551,202.624573
328,262,210.200043,205.100021
327.619965,261.339996,208.800034,207.900009
328.300049,263.100006,207.624359,210.480484
328.300049,263.100006,206.352066,213.355026
328.250031,263.250031,205.198196,216.238007
328.147095,263.411804,203.828781,219.123291
328.147095,263.411804,202.850021,221.950012
328.147095,263.411804,201.800003,224.599991
327.948273,264.379333,200.98114,227.56604
327.879303,264.551727,200.149979,230.450012
327.649994,264.550018,199.294128,233.323547
327.649994,264.550018,198.635269,236.141174
327.649994,264.550018,197.884613,239.076935
327.5,265,197.424011,242.167999
327.5,265,196.891266,244.983887
327.5,265,196.449997,247.849976
327.5,265,196.009903,250.901016
328,265,195.639359,253.467224
328,265,195,257
328,265,195,259
328,265,195,263
328,265,195,265
327.5,265,195,268.5
328,265,195,271
328,265,195,275
328,265,195.694748,277.184418
328,265,195.838211,280.301147
328,265,196.192337,283.038483
328,265,196.462433,286.005768
327.5,265,196.967972,288.824005
328,265,197.42189,291.705811
328,264,197.894135,294.523499
328,264,198.470596,297.382385
327.7547,264.64151,199.377609,300.165985
327.750031,264.750031,200.091766,302.972504
327.5,265,201.002502,305.841309
328,264,201.876892,308.521088
327.689636,264.724152,202.746582,311.157532
326.928986,265.029572,203.758621,313.896576
326.600006,265.200012,204.862076,316.655182
326.700043,265.399994,205.948471,319.134033
326.700043,265.400024,207.017014,321.786163
328,265,208.200027,324.399994
327.200012,263.600037,209.369766,326.841431
327,264.000031,210.636932,329.334381
327.200012,263.600037,212.215393,331.876953
327.200012,263.600037,213.441193,334.235291
327.200012,263.600037,215.030029,336.673798
327.200012,263.600037,216.384598,339.076904
327.200012,263.600037,217.923065,341.384613
327.200012,263.600037,219.866028,343.476898
327.500031,264.500031,221.34433,345.951965
331.32309,259.584625,223.317078,348.146332
331.32309,259.584625,224.798264,350.170685
329.200043,257.600037,226.752975,352.211792
326,265,228.392792,354.540283
329.200043,257.600037,230.250015,356.25
329.200043,257.600037,232.25,358.25
325.05661,264.30191,234,360.5
325.01889,264.43396,236,362.5
325.459991,264.779999,237.991135,364.367279
328.000031,265.000031,240.01178,366.152985
334.5,267,242.122925,367.852417
328.000031,265.000031,244.202805,369.463074
327.750031,265.250031,246.26001,371.320038
327.750031,265.250031,248.441544,372.997925
331.000031,259.000031,250.710052,374.530029
328.500031,264.500031,252.846146,376.230743
328.965515,266.413818,254.992767,377.566772
329.482758,266.206909,257.257507,379.081543
328.965515,266.413818,259.542419,380.377899
329.482758,266.206909,261.832275,381.804047
328.965515,266.413818,264.035675,382.931671
328,265,266.500031,384.500031
328,265,269.300018,385.900024
328,265,271.675262,386.855682
328,265.5,273.628876,387.835052
328,265,275.858002,388.940857
328,265,278.438934,389.782837
328,265.5,280.766388,390.642303
328,265,283.161896,391.534546
328,265,285.5,392.5
328,265,288.036713,393.211029
328,265,290.43396,393.981079
328,265,292.941193,394.735291
328,265,295.382355,395.470612
328,265,297.788239,395.952972
328,265,300.435272,396.541199
328,265,302.719208,396.864197
328,265,305.235565,397.277679
328,265,307.647369,397.791901
328,265,310.146362,398.182922
328,265,312.559418,398.405975
328,265,315.028717,398.684448
328,265,316.5,399
328,265,319.5,399
328,265,322.999969,398.999969
328,265,325,399
328,265,327,399
328,265,329.5,399
328,265,332.499969,398.999969
330,260,342,399
328,265,337,400
328,265,339.187714,399.032898
328,265,341.652435,398.871979
328,265,343.629517,398.628479
328,265,345.644287,398.348999
328,265,347.83783,398.027039
328,265,349.944641,397.686279
328,265,352.073578,397.392426
328,265,354.165344,396.96579
328,265.5,356.223572,396.505859
328,265,358.485291,396.062286
328,265,360.42926,395.663452
328,265,362.43396,395.018829
328,265,364.45285,394.5849
328,265,366.454193,394.013794
328,265,368.476074,393.48764
328,265,370.26297,392.766998
328,265,372.299286,392.072998
328,264,374.164398,391.438385
328,264,375.93103,390.827606
328.241364,265.103455,377.586639,390.049316
328.100037,265.200043,379.350525,389.288696
328.100037,265.200043,381.02063,388.546417
328.100037,265.200043,382.692657,387.834106
328.100037,265.200043,384.300079,387.100037
328.300049,265.100037,385.700012,386.400024
328.100037,265.200043,387.100067,385.700043
328.100037,265.200043,388.502136,385.104126
328.100037,265.200043,389.801056,384.439453
328.100037,265.200043,391.358154,383.608978
328.100037,265.200043,393.038483,382.692322
328.100037,265.200043,394.615417,382.076904
328.100037,265.200043,395.599976,381.200012
328.100037,265.200043,396.892639,380.450592
328.16925,265.046173,397.990112,379.901001
328.32785,265.393433,399,378.999969
328.153839,265.230743,400.202179,378.370056
328.32785,265.393433,401.230743,377.846161
328.32785,265.393433,402.038025,377.166016
328.32785,265.393433,402.973999,376.518005
328.204895,265.24588,403.898071,375.853485
328.250031,264.750031,404.675659,375.445953
328.08197,265.098328,405.379974,374.839996
328.08197,265.098328,406.279999,374.54007
328.08197,265.098328,406.940002,373.920013
328.500031,265.000031,407.740051,373.320038
328.08197,265.098328,408.21933,372.985138
328.08197,265.098328,408.724915,372.442383
328.08197,265.098328,409.493561,372.147766
327.750031,265.250031,409.92688,371.6586
328.000031,265.000031,410.536621,371.170776
328.000031,265.000031,410.84903,370.759918
328.000031,265.000031,411.443085,370.319336
328.000031,265.000031,411.819336,370.056976
327.750031,265.250031,412.33667,369.633698
327.750031,265.250031,412.722748,369.227692
328.000031,265.000031,413.344238,368.713104
328.000031,265.000031,413.688477,368.426208
328.000031,265.000031,414.388245,367.952942
328.000031,265.000031,414.735291,367.941193
328.000031,265.000031,415.165802,367.350861
328.000031,265.000031,415.552521,367.002808
328.000031,265.000031,415.856415,366.729309
328.000031,265.000031,416.296417,366.276031
328.000031,265.000031,416.644836,365.95932
328.000031,265.000031,417.266998,365.393677
328.000031,265.000031,417.411774,365.352905
328.000031,265.000031,417.909546,364.900421
325,265,418.373566,364.407532
325,265,418.605682,364.069824
325,265,419.395538,363.574219
325,265,419.345032,363.373779
325,265,419.713165,363.113892
325,265,420.250031,362.25
325,265,420.750031,362.25
325,265,421.000031,362
325,265,421.500031,361.5
328.000031,265.000031,421.860565,361.398193
325,265,422.659698,360.726685
325,265,422.710938,360.725403
325,265,423.073608,360.135406
325.200378,265.206238,423.659698,359.726715
328.000031,265.000031,423.980865,359.561615
328.000031,265.000031,424.466461,358.661346
328.000031,265.000031,424.677307,358.432922
328.250031,265.250031,425.27475,357.869019
328.250031,265.250031,425.592804,357.447968
328.250031,265.250031,426.067902,356.925323
328.250031,265.250031,426.505646,356.630188
328.250031,265.250031,426.745911,356.171295
328.250031,265.250031,427.262024,355.455139
328.250031,265.250031,427.710419,355.182983
328.250031,265.250031,428.117645,354.529419
328.250031,265.250031,428.611786,353.952911
328.250031,265.250031,429.25882,353.364685
328.250031,265.250031,429.600006,352.799988
328.250031,265.250031,430.24704,352.211761
328.250031,265.250031,430.670593,351.717621
328.250031,265.250031,431.237671,351.114746
328.250031,265.250031,431.634186,350.707367
328.250031,265.250031,432.219543,349.975647
328.250031,265.250031,432.682953,349.146301
328.250031,265.250031,433.042328,348.588409
328.250031,265.250031,433.572998,347.962189
328.250031,265.250031,434.179993,347.26004
328.250031,265.250031,434.524353,346.654053
328.250031,265.250031,435.000031,346.000031
328.250031,265.250031,435.593964,345.365753
328.250031,265.250031,436.181183,344.526825
328.250031,265.250031,436.580505,343.95639
328.250031,265.250031,437.11203,343.115997
328.250031,265.250031,437.307678,342.538422
328.250031,265.250031,438.384644,341.923065
328.250031,265.250031,438.692291,341.461517
328.250031,265.250031,439.307678,340.538452
328.250031,265.250031,439.615356,340.076874
328.615387,265.076904,440.044128,339.073517
328.615387,265.076904,440.49704,338.361755
328.000031,265.500031,440.867615,337.720581
328.250031,265.750031,441.308807,336.985291
328.538483,265.307709,441.749969,336.25
328.538483,265.307709,442.147064,335.588196
328.600006,265.200012,442.738495,334.707703
328.615387,265.076904,443.107727,334.061554
328.538483,265.307709,443.522247,333.375793
328.538483,265.307709,444.184631,332.67691
328.600006,265.200012,444.369385,331.656036
328.600006,265.200012,444.828003,330.815277
328.600006,265.200012,445.318481,330.082794
328.600006,265.200012,445.910065,329.418701
328.600006,265.200012,446.299347,328.631256
328.600006,265.200012,446.700073,327.600006
328.600006,265.200012,447.299988,326.899994
328.600006,265.200012,447.700012,326.099976
328.600006,265.200012,447.932007,325.14447
328.600006,265.300018,448.465851,324.221832
328.600006,265.200012,448.844177,323.456116
328.600006,265.300018,449.38147,322.391785
328.600006,265.300018,449.793854,321.463928
328.600006,265.300018,450.146545,320.491394
328.800018,265.400024,450.681,319.577576
328.800018,265.400024,450.965515,318.586212
328.800018,265.400024,451.379303,317.551727
328.600006,265.300018,451.896515,316.758606
329,265.500031,452.310333,315.724121
328.600006,265.300018,452.643799,314.616455
329,265.5,452.993134,313.684906
328.399994,265.200012,453.356964,312.655396
328,264,453.68927,311.713867
328,264,454.058502,310.667694
328.5,265,454.464661,309.516937
328,265,454.840729,308.593781
328.5,265,455.06424,307.619263
328.5,265,455.486267,306.545898
328.5,265,455.775208,305.582611
329.5,265,456.15094,304.47171
329.5,265,456.381775,303.568481
329.5,265,456.742798,302.464752
329.5,265,456.966827,301.378571
329,265,457.176514,300.294128
329.5,265,457.502289,299.24054
329.5,265,457.74118,298.164703
329.5,265,458.211761,297.047058
329,265,458.323669,295.962891
329.5,265,458.546478,294.904572
329,265,458.903839,293.980774
329.5,265,458.944916,292.816498
329.5,265,459.400024,291.799988
329.5,265,459.361938,290.737946
329.5,265,459.58194,289.613098
329,265,459.750397,288.560059
331.049164,262.458984,460.040405,287.236969
329.5,265,460.416138,286.2948
329.5,265,460.348083,285.040955
329.5,265,460.535828,283.945404
331.049164,262.458984,460.621948,282.902435
331.049164,262.458984,460.693085,281.569305
331.295105,262.254059,460.743835,280.689911
331.24588,262.295044,461,279
331.049164,262.458984,460.853821,278.630768
323.600037,258.700012,461,277
323.600037,258.700012,461,275
323.600037,258.700012,461,275
323.600037,258.700012,461,273
331.295105,262.254059,461,272
331.295105,262.254059,461,271
323.600037,258.700012,462,269
323.600037,258.700012,462,268
323.600037,258.700012,462,267
323.600037,258.700012,461,258
323.600037,258.700012,461,256.5
323.600037,258.700012,461,254.5
323.600037,258.700012,461,253
323.600037,258.700012,461,251.5
323.600037,258.700012,461.345245,257.970001
323.600037,258.700012,462,256
328,270,461.145233,254.87944
328,270,461.01828,253.164642
328,270,460.724945,251.436707
328,270,460.599945,249.699997
328,265,460.427704,247.780365
328,265,459.943726,245.838242
328,265,459.540588,243.743225
328,265,459.211578,241.557709
328.5,265,458.776459,239.494141
328,265,458.357391,237.26886
328.5,265,457.796692,234.987564
328,265,457.18869,232.66037
328.5,265,456.60376,230.11319
328.5,265,455.798279,227.744583
328,265,455.000031,225.000015
328,265,454.094849,222.510971
328,265,453.172394,219.931015
329.293121,261.982758,451.982788,217.293091
330,270,451.020599,214.546417
330,270,449.700043,211.899979
330,270,448.300079,209.099991
330,270,446.965271,206.334045
330,270,445.700348,203.607788
330,270,444.028442,200.798004
330,270,442.427002,197.983154
330,270,440.78656,195.258453
330,270,438.958038,192.606018
332.000031,262.000031,437.060791,189.885117
332.000031,262.000031,435.300018,187.400009
332.000031,262.000031,433.414673,184.768295
332.000031,262.000031,431.292694,182.36586
332.000031,260.000031,429.241333,179.896561
331.900024,260.200012,427.002808,177.447525
321,267,424.750031,175.249985
321.000031,267.000031,422.58197,172.876495
328.430786,261.446167,420.500061,170.500031
328.430786,261.446167,418.000031,168.500015
328.430786,261.446167,415.564697,166.341171
328.430786,261.446167,413.147522,164.12294
327.639954,259.480011,410.688446,162.25769
327.024414,263.219513,408.200012,160.399994
327.024414,263.219513,405.66217,158.472961
330,271,403.307648,156.538452
330,271,400.594086,155.059402
329,264,397.815369,153.32309
331,264,395.14151,151.745285
329,264,392.563873,150.294189
329,264,389.799988,148.900009
329,264,387.083557,147.509918
328.800049,264.400024,384.505188,146.113403
328.800049,264.400024,381.600586,144.958572
328.800049,264.400024,378.793121,143.517242
328.800049,264.400024,375.868774,142.667419
328.800049,264.400024,373.099976,141.700012
328.800049,264.400024,370.264496,140.662476
328,264,367.477081,139.743134
328,264,364.644287,138.863708
328,264,361.735321,138.058823
328.5849,264.45282,358.929443,137.317657
328,265,356.038483,136.807693
328,265,353.14093,136.20134
328,265,350.283783,135.797287
328,265,347.204742,135.259369
328,265,345,135
328,265,341.389343,134.717224
323.600037,258.700012,339,135
329,265,335.5,134
323.600037,258.700012,333,134
323.700012,258.900024,330,134
323.700012,258.900024,327,134
323.700012,258.900024,324,134
323.700012,258.900024,321.5,135
323.700012,258.900024,318.7323,134.020584
323.700012,258.900024,315.975281,134.240463
323.700012,258.900024,313.030579,134.729279
329,264,310.248566,135.115601
329,264,307.640015,135.519989
328,265,304.736023,136.048004
328.270264,263.621613,302.011749,136.552948
328,260,299.252808,137.09549
328,260,296.464752,137.742737
327.842651,260.296967,293.81134,138.3396
327.842651,260.296967,291.206421,139.188065
327.842651,260.296967,288.620453,140.001465
327.807098,260.2995,285.932129,140.809952
327.840118,260.261414,283.452057,141.705475
327.200012,261.900024,280.793091,142.482742
327.300018,262.100006,278.230743,143.653854
327.200012,261.900024,275.649475,144.711365
327.851349,262.608124,273.124664,145.764877
328,263,270.800049,147.099991
328.100037,264.200012,268.347717,148.166428
328,263,265.700012,149.400009
328,263,263.538452,150.692322
328,263,261.220612,151.867645
327.411804,263.647064,258.887634,153.320221
328,263,256.68219,155.003418
328,263,254.384613,156.07692
328,263,252.263672,157.816559
328,263,249.960022,159.280029
328,263,247.88002,160.840027
328,264,245.752487,162.47525
328.25,264.25,243.517609,164.270569
328,262.5,241.769928,165.951324
327.411804,263.647095,239.640915,167.323227
328,264,237.750031,169.250015
328,264,235.750015,170.75
328,264,234.000031,173.000015
328.500031,264.500031,231.750015,174.75
328,264,230.220673,176.751709
328,264,228.529602,178.590958
328,264,226.82785,180.606552
328,264,225.073181,182.658539
328,264,223.679977,184.76001
328,263,221.804901,186.856934
328,263,220.298676,188.859055
328,263,219,191
327.5,263,217.590271,192.915176
327.300018,261.900024,216.022491,195.264038
327.619965,261.339996,214.715057,197.417084
327.619965,261.339996,213.353851,199.630768
328,262,212.134949,201.871964
327.619965,261.339996,210.767899,204.141022
328,262,209.600037,206.300003
327.619965,261.339996,208.487778,208.609756
328.300049,263.100006,207.453613,210.979401
328.250031,263.250031,206.352066,213.355026
328.250031,263.250031,205.310364,215.724136
328.300049,263.100006,204.365997,217.948441
328.250031,263.250031,203.48175,220.175186
328.147095,263.411804,202.650024,222.550034
328.147095,263.411804,201.750015,224.750015
328,264,200.956757,227.140533
327.879303,264.551727,200.28302,229.50943
327.649994,264.550018,199.794128,231.823547
327.649994,264.550018,199.117645,234.029419
327.649994,264.550018,198.61174,236.247055
328,264,197.980759,238.596161
327.649994,264.550018,197.519226,240.903854
327.5,265,197.229736,243.121643
328,265,196.83757,245.346313
327.5,265,196.550003,247.649994
327.5,265,196.215378,249.776962
328,265,195.909851,251.991821
328,265,195.527206,254.437164
328,265,195,257
328,265,195,259
328,265,195,261
328,265,194.999985,263
328,265,195,265
328,265,195,267
328,265,195,269
328,265,195,271
328,265,195,273
328,265,195.534821,275.219666
328,265,195.691559,277.144684
328,265,195.737747,279.114777
328,265,195.901382,281.063019
328,265,196.218414,282.856628
328,265,196.309967,284.669983
328,265,196.497116,286.231232
327.5,265,196.763,287.959534
327.5,265,197.085373,289.698059
327.5,265,197.392273,291.229187
328,265,197.694122,292.623535
328,265,197.811783,294.152954
327.5,265,198.264709,295.558838
328,264,198.558838,296.735291
328,265,198.758026,298.062439
328,264,199.178436,299.419098
328,264,199.54718,300.4151
328,264,199.71698,301.50946
328,264,200.059265,302.575012
328,264,200.405396,303.567596
328,264,200.579346,304.501251
327.689636,264.724152,200.88681,305.39621
328,264,201.100006,306.299988
327.689636,264.724152,201.200012,307.100006
327.689636,264.724152,201.520096,307.850281
328,264,201.890381,308.559875
327.689636,264.724152,202.144638,309.243073
327.400024,264.800018,202.36618,309.870758
327.400024,264.800018,202.587723,310.498474
328,264,202.726044,311.102753
326.600006,265.200012,202.931503,311.650696
326.600006,265.200012,203.178085,312.308197
326.600006,265.200012,203.275864,312.689667
326.600006,265.200012,203.551712,313.379303
326.600006,265.200012,203.758621,313.896576
326.600006,265.200012,203.9655,314.413757
326.600006,265.200012,204.241379,315.103455
326.600006,265.200012,204.379303,315.448242
326.600006,265.200012,204.655167,316.137909
326.600006,265.200012,204.862091,316.655151
326.600006,265.200012,204.991379,317.146545
326.600006,265.200012,205.215515,317.836212
326.600006,265.200012,205.577347,318.29895
333.000031,270,205.824753,318.855682
333.000031,270,206.030945,319.31958
326.800018,265.100006,206.116669,320.044067
333.000031,270,206.370773,320.60675
327.000031,265.500031,206.830032,321.138824
326.700043,265.399994,207.031189,321.691254
328,264,207.400009,322.300018
325.299988,264.599976,207.514008,322.993256
326.700043,265.399994,207.700012,323.399994
325.379974,264.660004,208.000031,324
330.999969,271.000031,208.300018,324.599976
327,264.000031,208.600037,325.200012
325.369995,264.589966,208.900055,325.800018
330.999969,271.000031,209.000031,326.500031
325.369995,264.589966,209.456223,327.022705
325.369995,264.589966,209.751892,327.607697
331,271,210.107269,328.076111
327.200012,263.600037,210.414001,328.592346
327.200012,263.600037,210.863235,329.35376
327.200012,263.600037,211.169266,330.046173
327.200012,263.600037,211.476944,330.584625
327,264.000031,211.784637,331.123077
327.200012,263.600037,212.153854,331.769226
327.200012,263.600037,212.570709,332.370209
327,264.000031,212.970581,333.117615
327.200012,263.600037,213.161774,333.602936
327.200012,263.600037,213.529404,334.382324
327.200012,263.600037,213.882355,334.970581
327.200012,263.600037,214.315857,335.590363
327.200012,263.600037,214.736649,336.166351
327.200012,263.600037,215.258835,336.835266
327.200012,263.600037,215.461548,337.692291
327.200012,263.600037,216.000015,337.999969
327.200012,263.600037,216.461517,338.692291
327.200012,263.600037,216.692291,339.538452
327.200012,263.600037,216.999985,339.999969
327.200012,263.600037,217.615387,340.923065
327.500031,264.500031,218.097321,341.281921
327.500031,264.500031,218.533554,341.976532
327.200012,263.600037,219.013428,342.590637
327.200012,263.600037,219.421921,343.215454
327.500031,264.500031,219.847412,344.007172
327.500031,264.500031,220.339996,344.619995
327.500031,264.500031,220.843887,345.197083
327.500031,264.500031,221.309906,345.906738
327.500031,264.500031,221.723099,346.449097
327.500031,264.500031,222.242294,347.311523
331.32309,259.584625,222.804901,347.756104
331.32309,259.584625,223.316849,348.331696
331.32309,259.584625,223.782181,349.178223
331.32309,259.584625,224.172119,349.606567
331.32309,259.584625,224.9086,350.346558
329.200043,257.600037,225.175858,350.889648
331.32309,259.584625,225.893082,351.782776
329.200043,257.600037,226.388245,351.952972
329.200043,257.600037,227.164734,352.858826
329.200043,257.600037,227.769928,353.451324
329.200043,257.600037,228.172577,353.91153
329.200043,257.600037,228.694595,354.855194
329.200043,257.600037,229.112213,355.276672
329.100067,257.800018,229.892334,356.061554
329.000061,258.000031,230.458084,356.636414
329.100067,257.800018,231.000046,357.000031
326,265,231.750031,357.750031
329.100067,257.800018,232.25,358.25
325.01889,264.43396,233.000031,359.000031
329.000061,258.000031,233.500031,359.500031
329.000061,258.000031,234,360
325.01889,264.43396,235,361
325.224396,264.619507,235.500031,361.500031
325.01889,264.43396,235.709442,362.316956
325.01889,264.43396,236.579163,363.162903
325.01889,264.43396,237.027664,363.524902
325.224396,264.619507,237.814163,364.212402
325.01889,264.43396,238.517685,364.765472
334.5,267,239.061981,365.42923
334.5,267,240.082382,366.070618
328.000031,265.000031,240.741165,366.635315
328.000031,265.000031,241.262268,367.385223
334.5,267,242.319672,368.016418
335,267,243.195114,368.756104
327.750031,265.250031,243.983612,369.465454
328.000031,265.000031,244.865417,370.173096
328.000031,265.000031,245.550171,370.884735
327.750031,265.250031,246.580017,371.559998
327.750031,265.250031,247.540024,372.279999
327.750031,265.250031,248.38884,372.960022
327.750031,265.250031,249.540543,373.743256
331.000031,259.000031,250.526871,374.318817
331.000031,259.000031,251.615372,375.076935
328.965515,266.413818,252.384598,375.923065
328.965515,266.413818,253.538452,376.692291
328.500031,264.500031,254.681885,377.343109
329.482758,266.206909,255.638214,377.99707
329.600006,265.700012,256.558807,378.764709
329.600006,265.700012,257.863464,379.43866
329.482758,266.206909,258.838287,380.102966
329.600006,265.700012,260.051819,380.696899
329.482758,266.206909,261.153839,381.230743
329.600006,265.700012,262.32077,382.12265
334.200012,262.400055,263.401276,382.764343
328,266,264.739716,383.494598
328,265,265.700012,384.100006
328,266,267.300049,384.900055
326.600006,264.800018,268.700012,385.600006
326.699982,264.600006,269.96814,386.024689
326.699982,264.600006,271.349854,386.694092
326.799988,264.400024,272.278381,387.123749
328,265,273.485016,387.726868
326.699982,264.600006,274.625916,388.26355
326.699982,264.600006,275.836212,388.715546
328,265,277.034485,389.413818
328,265,278.45163,389.916779
328,265,279.746582,390.342499
328,265,281.05838,390.839417
328,265,282.541321,391.318726
328,265,283.850006,391.949982
328,265,285.350006,392.449982
328,265,286.648651,392.891907
328,265,288.082581,393.224792
328,265,289.550476,393.665131
328,265,290.899963,394.199982
328,265,292.381744,394.568451
328,265,293.882385,394.970612
328,265,295.294128,395.323547
328,265,296.835236,395.741211
328,265,298.317627,396.070587
328,265,299.799988,396.400024
328,265,301.346161,396.769257
328,265,303,396.999969
328,265,304.540497,397.256744
328,265,306.159119,397.505463
328,265,307.712952,397.794067
328,265,309.542664,398.115845
328,265,311.073151,398.341461
328,265,312.893127,398.515076
328,265,314.748352,398.6427
328,265,316.193146,398.68277
328,265,317.5,399
328,265,318.5,399
328,265,320.5,399
328,265,323,399
328,265,325,399
328,265,327,399
328,265,329,399
328,265,331,399
319,410,340,399
321,410,342,399
328,265,336.026611,399.398285
328,265,338.5,400
328,265,340.457306,399.051666
328,265,342.523102,398.684662
328,265,344.379272,398.499451
328,265,346.076477,398.227753
328,265,348.280182,397.921112
328,265,350.495972,397.727997
328,265,352.767883,397.262268
328,265,354.94696,396.748047
328,265,357.245911,396.295074
328,265,359.676514,395.705902
328,265.5,362.0177,395.064087
328,265,364.490601,394.71698
328,265,367.023132,393.774017
328,265,369.550018,393.150024
328,265,372.218994,392.102203
328,264,374.655151,391.137939
328,264,377.396576,390.241364
328.100037,265.200043,379.958771,388.907227
328.000031,265.000031,382.712311,387.76712
328.000031,265.000031,385.300018,386.600006
328.100037,265.200043,387.900055,385.300018
328.100037,265.200043,390.527679,384.05191
328.100037,265.200043,393.74353,382.274597
328.100037,265.200043,396.558838,380.764709
328.32785,265.393433,399.230774,378.84613
328.32785,265.393433,401.830048,377.310028
328.32785,265.393433,404.722961,375.41217
328.08197,265.098328,407.399994,373.700012
328.000031,265.000031,410.065399,371.726929
328.000031,265.000031,412.509918,369.401001
328.000031,265.000031,415.138153,367.375702
328.000031,265.000031,417.461578,365.307678
325,265,419.750031,362.75
328.000031,265.000031,422.688477,360.727112
328.000031,265.000031,424.792358,358.308319
328.250031,265.250031,427.075836,355.789612
328.000031,265.000031,429.25882,353.364716
328.250031,265.250031,431.401581,350.91803
328.250031,265.250031,433.273071,348.434601
331.83783,270.472961,435.259491,345.64328
328.250031,265.250031,437.280029,343.040009
328.250031,265.250031,439.384583,340.423065
328.000031,265.500031,440.859558,337.724762
328.538483,265.307709,442.553864,335.030792
328.600006,265.200012,444.114716,332.215607
328.600006,265.200012,445.865479,329.455536
328.600006,265.200012,447.400024,326.700012
328.600006,265.200012,448.648743,323.760956
328.600006,265.200012,449.963409,320.9841
328.600006,265.300018,451.172394,318.068939
328.600006,265.300018,452.358429,315.184174
328.400024,265.200012,453.475555,312.382812
328.5,265,454.393372,309.645874
328,265,455.513794,306.454163
329.5,265,456.50946,303.71698
329,265,457.185364,300.531738
329.5,265,457.917603,297.870575
329,265,458.596863,294.915161
329,265,459.368011,291.976013
329.5,265,459.687988,288.950073
329,265,460.398651,286.059052
329,265,460.609772,283.012207
331.049164,262.458984,460.746094,280.166321
331.049164,262.458984,461,277
323.600037,258.700012,461,274.5
323.600037,258.700012,461,271
323.600037,258.700012,462,269
323.600037,258.700012,461,265.5
323.600037,258.700012,461,254.5
323.600037,258.700012,461,251.5
323.600037,258.700012,461.301147,257.161804
323.600037,258.700012,461.207916,254.079224
323.600037,258.700012,460.915436,251.823105
329,265,460.609985,248.77002
328,265,460.083282,245.985748
328,265,459.53598,243.447998
328,265,458.954987,240.535843
328,265,458.445923,237.895081
328,265,457.846497,235.174286
328,265,457.18869,232.66037
328,265,456.56601,229.98111
328,265,455.705383,227.454269
328,265,454.950043,224.850006
328,265,453.990356,222.373947
329.293121,261.982758,453.172394,219.931015
328,265,452.181213,217.555283
330,270,451.18103,214.92244
330,270,450.155823,212.456055
330,270,448.900085,210.300034
330,270,447.800049,208.100006
330,270,446.639923,205.71582
330,270,445.523102,203.415405
330,270,444.295685,201.002579
330,270,442.911743,198.852936
330,270,441.640472,196.724716
330,270,440.309021,194.494415
330,270,438.976013,192.632019
332.000031,262.000031,437.398621,190.358124
332.000031,262.000031,436.080017,188.440002
335.000031,269,434.609772,186.512222
335.000031,269,433.071808,184.532181
332.000031,260.000031,431.585358,182.731689
332.000031,260.000031,429.995575,180.56636
332.000031,260.000031,428.39505,178.994507
321,267,426.53772,177.132065
321,267,424.939331,175.517563
321.000031,267.000031,423.346527,173.5923
328.430786,261.446167,421.819031,172.199097
328.430786,261.446167,420.250061,170.250031
328.430786,261.446167,418.147949,168.494507
328.430786,261.446167,416.623566,167.105911
326.655182,260.862091,414.894135,165.623505
328.430786,261.446167,413.196716,164.163925
328.43396,262.01889,411.30365,162.889786
328.43396,262.01889,409.384216,161.335724
327.024414,263.219513,407.736694,159.872971
327.024414,263.219513,405.919464,158.54364
327.170746,263.036591,403.999969,156.999985
330,271,402.050537,156.032501
330,271,400.255493,154.845551
329.5,264,398.558838,153.735306
329,264,396.630768,152.646149
330.5,264,394.915131,151.45285
329,264,392.86792,150.53775
329,264,391.200043,149.600037
329,264,389.200012,148.600021
328.800049,264.400024,387.63739,147.770538
328.800049,264.400024,385.833954,146.855835
328.800049,264.400024,384,146
328.800049,264.400024,382.310669,145.25444
328.800049,264.400024,380.379303,144.551727
328.800049,264.400024,378.737122,143.783508
328.800049,264.400024,377.080261,143.02919
328.800049,264.400024,375.449249,142.39386
328.800049,264.400024,373.640808,141.657669
328.800049,264.400024,372.070709,141.280869
328.800049,264.400024,370.309143,140.65892
328.900024,264.200012,368.669739,140.100922
329.376434,264.297791,367.151398,139.495422
328,264,365.319183,138.99614
328,264,363.789398,138.640717
328.5849,264.45282,362.205933,138.176483
328,264,360.691803,137.80983
328,264,359.035309,137.341187
328.67926,264.62265,357.453583,137.09549
328.67926,264.62265,355.980774,136.596161
328,264,354.480011,136.360001
328,265,352.972961,136.16217
328,265,351.364868,135.810806
328,265,350.009186,135.69725
328,265,348.589966,135.36998
328,265,347.107727,135.138474
328,265,345.603638,135.067078
328,264.5,344.47403,134.997253
328,265,343.014832,134.851471
328,265,341.479523,134.725418
328,265,340.585083,134.686798
329,265,339.028381,134.588181
340,146,338,135
329,265,337,135
323.600037,258.700012,335.999969,134
329,265,334,134
323.700012,258.900024,333,134
329,265,331.999969,134
329,265,331,134
324.100006,258.700012,330,134
323.700012,258.900024,329,134
323.700012,258.900024,328,134
323.700012,258.900024,326.999969,134
323.700012,258.900024,325.999969,134
323.700012,258.900024,325,134
323.700012,258.900024,324,134
323.700012,258.900024,323.5,134
323.700012,258.900024,322,133
323.700012,258.900024,321.961121,133.877441
323.700012,258.900024,320.995575,133.93364
323.700012,258.900024,320.066315,133.960968
323.700012,258.900024,319.888336,133.936539
323.700012,258.900024,318.805847,133.976471
323.700012,258.900024,318.003174,134.039734
323.700012,258.900024,317.748596,134.108826
323.700012,258.900024,316.709198,134.155731
323.700012,258.900024,316.017975,134.188782
323.700012,258.900024,315.707306,134.365845
323.700012,258.900024,314.753876,134.530777
323.700012,258.900024,314.119446,134.51535
323.700012,258.900024,313.637665,134.691925
323.700012,258.900024,312.904327,134.80632
323.700012,258.900024,312.244537,134.834061
323.700012,258.900024,311.769989,134.889999
323.700012,258.900024,311.134216,134.906036
323.700012,258.900024,310.398834,135.092484
323.700012,258.900024,309.875214,135.219986
323.600006,258.800018,309.297272,135.283783
323.700012,258.900024,308.567596,135.405396
323.600006,258.800018,308.085571,135.484909
323.700012,258.900024,307.47525,135.482559
329,264,306.744049,135.59198
328,264,306.216003,135.688019
328.705872,264.323547,305.599976,135.800003
328,264,304.93399,135.98114
328,264,304.384613,135.923096
328,264,303.730743,136.153839
328,264,303.057709,136.288452
328.588257,264.352936,302.530518,136.519897
328.378387,263.770294,301.905853,136.576462
329.25,263.25,301.376465,136.694122
328.999969,271.000031,300.74118,136.835297
329.500031,263.500031,300.098328,136.91803
328.558838,264.235321,299.485229,137.062286
328,260,298.872131,137.206543
329.500031,263.500031,298.205902,137.323532
327.845215,260.332489,297.735291,137.441177
326.692291,262.538391,297.029419,137.617645
327.842651,260.296967,296.340271,137.77594
327.842651,260.296967,295.842346,137.908722
327.842651,260.296967,295.30188,138.056595
327.842651,260.296967,294.64151,138.24527
327.842651,260.296967,293.94342,138.30188
327.842651,260.296967,293.2453,138.35849
327.842651,260.296967,292.766083,138.720169
327.842651,260.296967,292.123871,138.912842
327.842651,260.296967,291.454132,139.013763
327.842651,260.296967,290.931213,139.27063
327.842651,260.296967,290.270264,139.378387
327.842651,260.296967,289.637848,139.572983
327.842651,260.296967,289.110291,139.844711
327.842651,260.296967,288.450043,139.850006
327.842651,260.296967,287.700012,140.100006
327.842651,260.296967,287.100006,140.300018
327.842651,260.296967,286.450012,140.349991
327.842651,260.296967,285.932129,140.809967
327.840118,260.261414,285.298462,141.012314
327.649963,260.549988,284.656952,141.30658
327.804565,260.263977,284.014587,141.540161
327.649963,260.549988,283.25351,141.665344
327.932434,262.594604,282.588135,141.918808
327.649963,260.549988,281.884003,142.198456
327.200012,261.900024,281.137909,142.344818
327.810791,262.364838,280.448273,142.620682
328,261.5,279.758606,142.89653
327.200012,261.900024,278.896545,143.241364
327.851349,262.608124,278.207123,143.49704
327.851349,262.608124,277.62796,143.944351
327.851349,262.608124,276.885284,144.237701
328,261.5,276.02063,144.546417
327.851349,262.608124,275.393829,144.866455
328,262.5,274.489716,145.277405
328.000031,264.000031,273.702545,145.49292
328,262.5,272.968781,145.934982
328.000031,264.000031,272.134064,146.349091
328.300018,264.100006,271.200043,146.899994
328.100037,264.200012,270.300018,147.100006
328.300018,264.100006,269.500031,147.5
328.100037,264.200012,268.500031,148
328.100037,264.200012,267.500031,148.500015
328.100037,264.200012,266.783417,148.93631
328.100037,264.200012,265.802521,149.471329
328,263,264.90567,149.830185
328.100037,264.200012,263.875458,150.266418
328,263,262.95285,150.9151
328.000031,264.000031,262.093262,151.445618
328,263,261.235291,152.058823
328,263,260.289673,152.475861
328,263,259.292145,153.067413
328,263,258.318817,153.58812
328,263,257.561859,154.440414
328,263,256.461517,154.692307
328,263,255.307663,155.461533
328,263,254.384598,156.07692
328,263,253.230743,156.84613
328.153809,264.230743,252.694244,157.560486
328,263,251.560486,158.30571
328,263,250.599991,158.799988
328,263,249.64003,159.520004
328,263,248.680008,160.240021
328,263,247.560013,161.080017
328,264,246.680023,161.740021
328,264,245.829254,162.536591
328,264,244.812363,163.272171
328,264,243.764679,164.058807
328,264,242.776443,164.905869
328,264,241.876129,165.858414
328,264,240.893829,166.592926
328.25,264.25,239.751419,167.223785
328,263,238.832108,168.211685
328,264,237.750015,168.75
328,264,236.917725,170.025772
328,264,235.750015,170.75
328.500031,264.500031,234.750015,171.75
328,264,234.000031,173.000015
328,264,233.000031,174.000015
328,264,232.051147,174.903183
328,264,231.081467,175.710388
328,264,230.253372,176.802979
328,264,229.154861,177.823013
328.250031,264.250031,228.228195,178.937561
328,264,227.205841,180.068085
328,264,226.319641,181.016403
328,264,225.487823,182.390259
328,264,224.268311,183.414642
328,264,223.580017,184.559998
328,264,222.593445,185.698868
328,264,221.67569,186.945953
327.5,263,220.608093,188.148651
327.5,263,219.846161,189.230759
328,264,219.040009,190.720001
328,264,218,192
327.205902,262.676483,217.076889,193.384583
328.16217,262.527039,216.28653,194.741592
328,262,215.421356,196.325851
327.619965,261.339996,214.46788,197.804626
327.619965,261.339996,213.600006,199.199997
328,262,212.676926,200.815384
328,262,211.885818,202.339096
328,262,210.876358,203.934937
328,262,210.000031,205.500015
327.619965,261.339996,209.200043,207.100021
327.619965,261.339996,208.282898,209.053635
327.619965,261.339996,207.521927,210.702423
328.300049,263.100006,206.698288,212.370697
328.250031,263.250031,205.894104,214.376465
328.250031,263.250031,204.93103,216.172409
328.250031,263.250031,204.250015,218.249985
328.250031,263.250031,203.481766,220.175186
327.801849,263.44342,202.750031,222.250031
328,264,201.900009,224.300003
327.879303,264.551727,201.172974,226.43782
327.879303,264.551727,200.50943,228.71698
327.879303,264.551727,200.000015,231.000015
327.649994,264.550018,199.176468,233.294128
327.649994,264.550018,198.75293,235.611755
327.649994,264.550018,198.0504,238.010635
327.649994,264.550018,197.624008,240.567993
328,265,197.182541,243.109222
327.5,265,196.805359,245.563751
327.5,265,196.37999,248.339981
327.5,265,196.000015,251.000015
328,265,195.639359,253.467224
328,265,195,257
328,265,195,259
328,265,194.999985,262.5
328,265,195,265
328,265,195,268.5
328,265,195,271
328,265,195,274.5
328,265,195.635925,276.949127
328,265,195.732681,279.826752
328,265,196.115402,282.923096
327.5,265,196.559967,285.919952
328,265,196.954086,289.008789
327.5,265,197.5,291.999969
328,264,198.055725,294.986877
327.5,265,198.758026,298.062408
328,264,199.43396,301.01889
328,265,200.513504,303.918915
327.600006,264.700012,201.100006,306.799988
327.689636,264.724152,202.329239,309.766144
326.600006,265.200012,203.32193,312.691742
326.600006,265.200012,204.448288,315.620697
326.800018,265.100006,205.618561,318.391754
326.700043,265.400024,206.726288,321.127777
328.100037,264.700012,208.000031,324
327.200012,263.600037,209.356628,326.815979
327,264.000031,210.891693,329.46814
327.200012,263.600037,212.502594,332.290161
327.200012,263.600037,213.955887,334.926453
327.200012,263.600037,215.566788,337.492767
327.200012,263.600037,217.076889,340.115356
327.200012,263.600037,218.949051,342.426788
327.500031,264.500031,220.731689,345.085388
331.32309,259.584625,222.587357,347.663574
331.32309,259.584625,224.508194,349.909851
329.200043,257.600037,226.489639,352.124146
329.200043,257.600037,228.250046,354.750031
326,265,230.611832,356.796295
326,265,232.75,358.75
325.01889,264.43396,235,361
325.224396,264.619507,236.753403,363.32132
325.224396,264.619507,239.145996,365.190247
335,267,241.262283,367.385254
327.750031,265.250031,243.582672,368.977722
328.000031,265.000031,245.743484,371.033478
327.750031,265.250031,248.243942,372.855682
331.000031,259.000031,250.795303,374.506714
328.965515,266.413818,253.07692,376.384583
328.965515,266.413818,255.489182,377.85022
328.965515,266.413818,258.006744,379.488922
328.965515,266.413818,260.507721,380.861542
328,266,263.089172,382.503174
328,266,265.719421,383.887451
328,265,268.500031,385.5
328,265,271.337311,386.668488
326.699982,264.600006,273.301727,387.629333
328,265,276.103424,388.741364
328,265,278.827576,389.931061
328,265.5,281.350342,391.036469
328,265,284.150024,392.049988
328,265,286.810822,392.864838
328,265,289.509399,393.716949
328,265,292.257263,394.535278
328,265,294.941193,395.235321
328,265,297.576447,395.905914
328,265,300.435272,396.541199
328,265,303.160004,397.120026
328,265,305.905426,397.567596
328,265,308.609985,398.22998
328,265,311.182922,398.353668
328,265,314.139343,398.53714
328,265,316.505524,398.680481
328,265,318.5,399
328,265,321.999969,398.999969
328,265,325,399
328,265,327.5,399
328,265,331,399
320,410,341,399
328,265,335.367615,399.279419
328,265,338.666046,399.159485
328,265,341.544525,398.945557
328,265,343.939392,398.56012
328,265,346.232483,398.20282
328,265,348.894318,397.901031
328,265,351.464142,397.475464
328,265,353.980804,396.903839
328,265,356.435333,396.458801
328,265.5,359,396.000031
328,265,361.55188,395.319489
328,265,364.056641,394.698059
328,265,366.418182,393.838104
328,265,368.900055,393.199982
328,265,371.18576,392.301605
328,265,373.613129,391.686127
328,264,375.93103,390.827606
328.241364,265.103455,378.413818,390.034454
328.100037,265.200043,380.68103,388.922455
328.100037,265.200043,382.674683,387.784241
328.300049,265.100037,385.100067,386.700043
328.300049,265.100037,386.900055,385.800018
328.000031,265.000031,388.708221,384.995667
328.100037,265.200043,391.046722,383.775085
328.100037,265.200043,393.692322,382.461548
328.100037,265.200043,395.695129,381.14209
328.100037,265.200043,397.735992,379.977509
328.061554,265.107697,399.692322,378.538452
328.32785,265.393433,401.674011,377.41803
328.32785,265.393433,403.727997,375.996033
328.08197,265.098328,405.539978,374.720001
328.08197,265.098328,407.580017,373.440002
328.000031,265.000031,409.478516,372.159241
328.250031,264.750031,411.094086,370.559387
328.000031,265.000031,412.803223,369.16391
327.750031,265.250031,414.593079,367.917267
328.000031,265.000031,416.408905,366.232086
325,265,417.963806,364.760132
325,265,419.491272,363.324097
325,265,421.250031,361.75
328.000031,265.000031,422.989166,360.511353
328.250031,265.250031,424.27478,358.868988
328.000031,265.000031,425.773804,357.248871
328.250031,265.250031,427.103424,355.758575
328.250031,265.250031,428.541168,354.035309
328.250031,265.250031,429.964722,352.541199
328.250031,265.250031,431.319611,351.016388
328.250031,265.250031,432.481842,349.550995
327.704926,265.245911,433.702759,347.783783
328.250031,265.250031,434.827057,346.237854
328.250031,265.250031,436.063751,344.694641
328.250031,265.250031,436.999969,342.999969
328.250031,265.250031,438.538452,341.692291
328.250031,265.250031,439.615356,340.076904
328.615387,265.076904,440.517639,338.329407
328.538483,265.307709,441.441132,336.764679
328.538483,265.307709,442.430786,335.246155
328.538483,265.307709,443.292328,333.738464
328.600006,265.200012,444.12738,332.07077
328.600006,265.200012,445.038086,330.55365
328.600006,265.200012,445.700073,329.100037
328.600006,265.200012,446.700073,327.600006
328.600006,265.200012,447.699982,326.100006
328.761566,265.292297,448.207062,324.765259
328.600006,265.200012,448.882874,323.253632
328.600006,265.200012,449.628906,321.835052
328.600006,265.200012,450.198242,320.370697
328.761566,265.292297,450.720764,319.091339
328.800018,265.400024,451.310333,317.724121
328.600006,265.300018,452.034454,316.413788
328.600006,265.300018,452.310883,315.308899
328.800018,265.400024,452.869843,314.013672
328,264,453.301849,312.757172
328,264,453.68927,311.713867
328.5,265,454.058502,310.667694
328.5,265,454.483124,309.46463
328.5,265,454.887878,308.447693
328.702698,265.783783,455.078003,307.573395
328.5,265,455.486267,306.545898
329.594604,264.067596,455.747742,305.674347
329.5,265,456.03775,304.86792
329.5,265,456.264191,304.07547
329.5,265,456.527008,303.273895
329.5,265,456.742798,302.464752
329,265,456.904388,301.620514
329.5,265,457.000061,301.000031
329.5,265,457.176514,300.294128
329.5,265,457.384308,299.732208
329.5,265,457.639343,299.032806
329.5,265,457.694122,298.376434
329,265,457.917603,297.870575
329.5,265,458.164703,297.25882
329.5,265,458.305878,296.623535
329,265,458.399994,296.200012
329.5,265,458.408569,295.559692
329.5,265,458.546478,294.904572
329.5,265,458.58725,294.32843
329.5,265,458.695892,293.846832
329.5,265,458.832001,293.424011
329,265,458.864899,292.810852
329.5,265,459.216003,292.312012
329.5,265,459.400024,291.799988
329,265,459.209076,291.193481
329.5,265,459.349457,290.815948
329.5,265,459.540558,290.256775
329.5,265,459.621613,289.770264
329.5,265,459.650574,289.184082
329.5,265,459.712952,288.794067
329,265,459.781616,288.365051
329,265,459.920471,287.747284
329.5,265,460.040405,287.236969
329.5,265,460.098206,286.861267
331.049164,262.458984,460.404572,286.369934
331.049164,262.458984,460.379944,285.839966
331.24588,262.295044,460.327606,285.215027
331.049164,262.458984,460.368561,284.866913
329.5,265,460.396332,284.432892
329,265,460.499969,283.5
329.5,265,460.542664,283.115875
331.049164,262.458984,460.634155,282.792664
323.600037,270.700012,460.586304,282.430145
331.049164,262.458984,460.707916,281.420776
331.049164,262.458984,460.702972,280.970306
329,265,460.710114,280.543823
331.049164,262.458984,460.778625,279.54599
331.049164,262.458984,461,279
331.295105,262.254059,461,279
331.295105,262.254059,461,277
331.049164,262.458984,461,277
331.049164,262.458984,461,277
331.295105,262.254059,461,276
331.295105,262.254059,461,275
331.049164,262.458984,461,275
323.600037,258.700012,461,274
323.600037,258.700012,461,273
331.295105,262.254059,461,272
323.600037,258.700012,461,271
323.600037,258.700012,461,271
323.600037,258.700012,461,270
323.600037,258.700012,462,269
323.600037,258.700012,462,268
323.600037,258.700012,462,267
323.600037,258.700012,462,266
323.600037,258.700012,461,258.5
323.600037,258.700012,461,257
323.600037,258.700012,461,256
323.600037,258.700012,461,255
323.600037,258.700012,461,254.5
323.600037,258.700012,461,253
323.600037,258.700012,461,252.5
323.600037,258.700012,461,251.5
323.600037,258.700012,461.33963,258.405273
323.600037,258.700012,461.377563,257.964081
323.600037,258.700012,461.2742,256.878662
328,270,461.558655,255.996552
323.600037,258.700012,461.115814,255.042679
323.600037,258.700012,461.167114,254.087692
328,270,461.040955,253.348129
323.600037,258.700012,461.01828,252.164612
328,270,460.961609,251.692337
328.5,265,460.781708,250.362457
328,265,460.599945,249.699997
328.5,265,460.570007,248.490005
328.5,265,460.427704,247.780365
328.5,265,460.121643,246.729706
328.5,265,459.943726,245.838242
328.5,265,459.807983,244.944031
328.5,265,459.581146,243.986481
328.5,265,459.528015,242.903976
328.5,265,459.288483,241.942322
328.5,265,459.192017,241.056
328.5,265,458.894104,240.023514
328,265,458.788269,239.047028
328.5,265,458.445892,237.895065
328.5,265,458.235352,236.941177
328,265,457.970642,235.882355
328,265,457.970612,234.882401
328.5,265,457.465393,233.873077
328,265,457.22641,232.792465
328.5,265,457.05661,231.69812
328.5,265,456.71698,230.50943
328,265,456.32074,229.622635
328,265,456.100739,228.652405
328,265,455.740234,227.563171
328,265,455.450043,226.350006
328,265,455.150024,225.449982
328,265,454.744476,224.547455
328,265,454.480011,223.360016
328,265,453.981903,222.451157
328.5,265,453.605927,221.340607
328,265,453.310333,220.275864
329.100037,264.700043,452.896545,219.241379
329.686523,262.681091,452.58783,218.170578
328,265,452.164703,217.141174
328,265,451.698273,216.129333
330,270,451.175323,215.144318
330,270,450.814453,214.082474
330,270,450.248749,213.039017
330,270,449.883545,212.05542
330,270,449.300079,211.100021
330,270,448.800079,210.100037
330,270,448.200073,208.899994
330,270,447.800049,208.100006
330,270,447.307037,206.877808
330,270,446.748352,205.92189
330,270,446.281677,204.948059
330,270,445.993561,203.821671
330,270,445.215393,202.876923
330,270,444.815399,201.676956
330,270,444.115723,200.820328
330,270,443.487305,199.822388
330,270,442.823517,198.705872
330,270,442.338623,197.786133
330,270,441.846161,196.769211
330,270,440.983185,195.573044
330,270,440.309021,194.4944
330,270,439.572021,193.604034
330,270,438.923065,192.384613
330,270,438.214752,191.449677
330,270,437.445923,190.324326
330,270,436.740051,189.319992
330,270,435.819977,188.259979
332.000031,262.000031,435.120056,187.160019
332.000031,262.000031,434.219482,186.024384
332.000031,262.000031,433.561005,184.951202
330.758636,259.103455,432.470306,183.797028
335.000031,269,431.435638,182.643555
329,258,430.811768,181.447083
332.000031,260.000031,429.849548,180.256653
332.000031,260.000031,428.565613,179.122147
329,258,427.452515,177.997742
321,267,426.316772,176.848434
321,267,425.038361,175.541519
321,267,424.000061,174.000015
321,267,422.442963,172.659927
321.000031,267.000031,421.179626,171.361511
328.430786,261.446167,419.868805,170.244324
328.430786,261.446167,418.18634,168.530151
328.430786,261.446167,416.876495,167.394119
328.430786,261.446167,415.058838,165.764709
328.430786,261.446167,413.442627,164.368851
326.655182,260.862091,411.650024,162.949982
328.43396,262.01889,409.720062,161.539993
327.024414,263.219513,407.681244,159.951492
327.024414,263.219513,405.71814,158.402695
327.634613,263.826904,403.538452,156.692291
330,271,401.038239,155.297073
329,264,398.779419,153.867645
329,264,396.423065,152.384613
329,264,393.891724,151.031845
329,264,391.386353,149.592865
329,264,388.66449,148.198944
328.800049,264.400024,386.022675,146.951843
328.800049,264.400024,383.129333,145.698288
328.800049,264.400024,380.206879,144.482758
328.800049,264.400024,377.401428,143.145981
328.800049,264.400024,374.455414,142.043091
328.793091,264.517242,371.538635,140.980209
328,264,368.394562,140.018356
328,264,365.319183,138.99614
328,264,362.195099,138.243912
328,264,359.035339,137.341187
328.67926,264.62265,355.951874,136.752747
328,265,352.797272,136.216217
328,265,349.567535,135.594589
328,265,346.689392,135.139923
328,265,343,135
328,265,340.067596,134.62059
329,265,337,135
329,265,333.5,134
323.700012,258.900024,331,134
323.700012,258.900024,327,134
323.700012,258.900024,323.499969,134
323.700012,258.900024,321.061981,133.929214
323.700012,258.900024,317.964355,134.090073
323.700012,258.900024,314.829346,134.549484
323.700012,258.900024,311.769989,134.889999
323.700012,258.900024,308.567596,135.405396
328.705872,264.323547,305.600006,135.800003
328.270264,263.621613,302.480774,136.403854
329.5,261.5,299.540955,137.049164
327.842651,260.296967,296.340271,137.77594
327.842651,260.296967,293.4151,138.45282
327.842651,260.296967,290.656769,139.259476
327.840118,260.261414,287.399994,140.200012
327.649963,260.549988,284.737183,141.27739
327.579987,260.559998,281.716492,142.262878
327.200012,261.900024,278.896545,143.241364
327.851349,262.608124,276.113434,144.505157
328,262.5,273.375824,145.6996
327.800049,263.600037,270.800018,147.100006
328.100037,264.200012,267.937622,148.380386
328,263,265.1651,149.79718
327.411804,263.647064,262.52829,151.15094
328,263,260.044128,152.573517
328,263,257.608795,154.3853
328,263,254.84613,155.769226
328,263,252.451584,157.555405
328,263,249.960022,159.280029
328,263,247.703873,161.119247
328,264,245.289627,162.853973
328.500031,264.500031,242.988159,164.836365
328,263,240.631012,166.772415
328,264,238.314026,168.740723
328,264,236.000015,170.5
328.500031,264.500031,234.250031,172.750015
328.500031,264.500031,231.750015,174.75
328,264,229.96962,176.922668
328,264,228.041977,179.101715
328,264,226.073746,181.311478
328,264,224.381012,183.624283
328,263,222.399979,185.800018
328,263,220.621613,188.229706
328,263,219.230774,190.653854
327.300018,261.900024,217.447052,193.011765
327.300018,261.900024,215.825851,195.578659
327.619965,261.339996,214.365051,197.979446
328,262,212.861542,200.49231
328,262,211.474045,202.986145
327.619965,261.339996,209.900024,205.700012
327.619965,261.339996,208.700027,208.100006
328.300049,263.100006,207.47261,210.760269
328.300049,263.100006,206.352066,213.355026
328.300049,263.100006,205.172424,216.06897
328.300049,263.100006,203.993179,218.684921
328.250031,263.250031,203.099503,221.338959
327.801849,263.44342,202,224
328.103424,264.241364,201.086487,226.718903
327.879303,264.551727,200.374588,229.517151
327.948273,264.379333,199.558823,232.26474
327.649994,264.550018,198.91803,235.098358
327.649994,264.550018,198.265686,237.882568
327.649994,264.550018,197.608002,240.655991
327.649994,264.550018,197.145096,243.343231
327.5,265,196.759995,246.179977
328,265,196.338394,249.046677
328,265,195.903381,251.514618
328,265,195.504684,254.696075
328,265,195,257
328,265,195,260
328,265,195,263
328,265,195,266
328,265,195,268.5
328,265,195,271
328,265,195.400772,273.412476
328,265,195.602539,276.031799
328,265,195.769241,278.846161
328,265,195.923294,281.27121
328,265,196.262039,283.965088
327.5,265,196.54335,286.531799
327.5,265,196.999969,289
328,265,197.426468,291.394531
328,265,197.764725,293.941162
328,265,198.441193,296.264709
328,265,199.058105,298.717865
328,265,199.603775,301.11319
328,264,200.270645,303.568817
327.600006,264.700012,201.040512,305.825623
328,264,201.693207,308.105225
326.600006,265.200012,202.569244,310.446136
326.600006,265.200012,203.275864,312.689667
326.600006,265.200012,204.172409,314.93103
333.000031,270,205.051727,317.120697
326.800018,265.100006,205.9897,319.226807
326.600006,265.200012,206.872528,321.354126
326.900024,265.299988,207.700012,323.399994
325.440002,264.579987,208.700043,325.400024
325.440002,264.579987,209.66272,327.436829
327.200012,263.600037,210.861542,329.50766
328.046173,264.830811,211.846161,331.230774
328.046173,264.830811,212.897064,333.161743
327.200012,263.600037,214.102066,335.024811
327.200012,263.600037,215.239609,336.796051
327.200012,263.600037,216.076935,338.615387
327.200012,263.600037,217.222412,340.122467
327.200012,263.600037,218.416107,341.808746
327.200012,263.600037,219.639496,343.29425
331.32309,259.584625,220.651337,344.979889
331.32309,259.584625,221.773239,346.405212
331.32309,259.584625,222.726929,347.934601
331.32309,259.584625,223.951233,349.439026
329.200043,257.600037,225.180283,350.516357
329.200043,257.600037,226.001694,351.729309
329.200043,257.600037,227.317642,352.870605
329.200043,257.600037,227.996475,354.146301
329.200043,257.600037,229.250046,355.250031
329.200043,257.600037,230.198669,356.366638
329.200043,257.600037,231.500031,357.500031
329.100067,257.800018,232.5,358.5
326,265,233.250031,359.250031
329.100067,257.800018,234,360.5
325.05661,264.30191,235,361
325.05661,264.30191,236.000031,362.000031
325.01889,264.43396,236.690628,363.121552
325.01889,264.43396,237.442017,363.897766
325.01889,264.43396,238.270615,364.51767
334.5,267,239.01178,365.152954
334.5,267,239.991776,365.90979
335,267,240.54097,366.450806
335,267,241.317657,367.129425
335,267,242.122925,367.852448
328.000031,265.000031,242.909821,368.508209
327.750031,265.250031,243.385254,369.013367
328.000031,265.000031,244.19931,369.634277
327.750031,265.250031,244.85231,370.188782
327.750031,265.250031,245.501846,370.847595
335,267,246.180008,371.259979
327.750031,265.250031,246.820007,371.740021
327.750031,265.250031,247.539993,372.279999
328.000031,265.000031,248.309814,372.903076
327.750031,265.250031,248.994751,373.39624
331.000031,259.000031,249.777023,373.91217
331.000031,259.000031,250.459747,374.27182
328.500031,264.500031,251.153839,374.769196
320.900024,263.199982,251.92308,375.615356
328.500031,264.500031,252.384598,375.923065
321.000031,263,253.307663,376.538422
329.56897,266.172424,253.999985,377
328.965515,266.413818,254.756317,377.379059
328.500031,264.500031,255.605865,377.976471
321.400024,263.199982,256.329376,378.48233
321.400024,263.199982,257.057922,378.904846
329.482758,266.206909,257.852936,379.411743
329.482758,266.206909,258.397095,379.838226
329.482758,266.206909,259.352966,380.411774
329.482758,266.206909,260.163208,380.720154
329.482758,266.206909,260.938477,381.107697
329.5,266,261.700104,381.73111
328.500031,264.500031,262.426727,382.050964
323.284637,267.123108,263.272919,382.493134
334.200012,262.400055,264.035675,382.931671
328,265,264.803894,383.375977
328,265,265.500031,384.000031
326.699982,264.600006,266.300018,384.400024
328,266,267.300049,384.900055
326.799988,264.400024,268.100037,385.300018
328,266,269.100006,385.800018
326.699982,264.600006,269.878021,386.21698
328,265,270.952881,386.549011
326.699982,264.600006,271.768005,386.896942
326.699982,264.600006,272.278381,387.123749
326.699982,264.600006,272.871307,387.383331
326.699982,264.600006,273.422455,387.681061
326.799988,264.400024,274.242004,388.072357
326.799988,264.400024,274.894104,388.376495
326.699982,264.600006,275.564728,388.658875
326.699982,264.600006,276.241394,388.896545
326.699982,264.600006,276.931061,389.172424
326.799988,264.400024,277.653381,389.47876
328,265,278.298645,389.728546
328,265,278.999969,390
328,265,279.595886,390.41098
328,265,280.294525,390.547943
328,265,280.766388,390.642334
328,265,281.379547,390.956177
328,265,281.996918,391.175385
328,265,282.572296,391.378479
328,265,283.099976,391.700012
328,265,283.699982,391.900024
328,265,284.150024,392.050018
328,265,284.75,392.25
328,265,285.350006,392.450012
328,265,285.799988,392.600006
328,265,286.200012,392.900024
328,265,286.806946,392.97821
328,265,287.443298,393.059479
328,265,287.853241,393.155975
328,265,288.357819,393.307343
328,265,289,393.5
328,265,289.50946,393.71698
328,265,290.03772,393.86792
328,265,290.56604,394.01886
328,265,291.09436,394.1698
328,265,291.572632,394.352692
328,265,292.132782,394.502075
328,265,292.692993,394.651459
328,265,293.176483,394.794128
328,265,293.647064,394.911774
328,265,294.352936,395.088257
328,265,294.823547,395.205902
328,265,295.294128,395.323547
328,265,295.881958,395.501617
328,265,296.495056,395.645905
328,265,296.941162,395.76474
328,265,297.576477,395.905914
328,265,298.211731,396.047089
328,265,298.847076,396.188232
328,265,299.482361,396.329407
328,265,300.138,396.344849
328,265,300.807739,396.461548
328,265,301.346161,396.769257
328,265,302.096161,397.019257
328,265,302.770264,396.878357
328,265,303.499969,396.999969
328,265,304.287994,397.416046
328,265,305.028076,397.324463
328,265,305.824341,397.554077
328,265,306.698914,397.631836
328,265,307.283783,397.797302
328,265,308.175659,397.945953
328,265,308.889954,398.269989
328,265,309.652435,398.128052
328,265,310.420715,398.213409
328,265,311.182922,398.353668
328,265,312.112305,398.432892
328,265,312.955444,398.445557
328,265,313.693085,398.569305
328,265,314.800018,398.600037
328,265,315.262329,398.614746
328,265,316.234497,398.686218
328,265,317.019104,398.761505
328,265,317.5,399
328,265,319,399
328,265,318.5,399
328,265,320.5,399
328,265,320.5,399
328,265,322.999969,398.999969
328,265,323,399
328,265,325,399
328,265,325,399
328,265,326,399
328,265,327,399
328,265,328,399
328,265,329,399
328,265,330,399
328,265,338.5,399
330,260,339,399
330,260,340.5,399
321,410,341.5,399
328,265,335,400
328,265,335.967255,399.443115
330,260,337,400
330,260,337.96109,399.377441
328,265,339.234283,398.975342
328,265,340.457306,399.051666
328,265,341.646759,398.747437
328,265,342.93689,398.713318
328,265,343.405487,398.852051
328,265,344.531525,398.478424
328,265,345.583801,398.2948
328,265,346.622498,398.140411
328,265,347.83783,398.027039
328,265,348.976196,397.861237
328,265,350.058716,397.666138
328,265,351.271729,397.449066
328,265,352.496216,397.313202
328,265,353.788422,396.942322
328,265,355.164703,396.741211
328,265,356.329376,396.48233
328,265,357.803284,396.16391
328,265,359.205902,395.823547
328,265,360.731689,395.585388
328,265,362.173065,395.134613
328,265,363.79245,394.77359
328,265,365.297302,394.216217
328,265,367.080048,393.756226
328,265,368.750031,393.25
328,265,370.514343,392.603729
328,265,372.379578,392.043793
328,265,374.491119,391.289154
328,264,376.275879,390.689667
328.100037,265.200043,378.391052,389.699524
328.100037,265.200043,380.560364,388.974182
328.100037,265.200043,382.599304,387.818481
328.100037,265.200043,384.700043,386.900024
328.100037,265.200043,386.500031,386
328.100037,265.200043,388.707153,384.943604
328.000031,265.000031,391.384094,383.595123
328.000031,265.000031,393.987091,382.049225
328.100037,265.200043,396.329651,380.755859
328.153839,265.230743,398.769226,379.153839
328,264.999969,401.153992,377.778015
328.32785,265.393433,403.513458,376.090637
328.08197,265.098328,406.059998,374.580017
328.250031,264.750031,408.555756,372.57251
328.000031,265.000031,410.963379,370.829285
328.000031,265.000031,413.147522,368.877045
328.000031,265.000031,415.524902,367.027649
328.000031,265.000031,417.909546,364.900452
325,265,420.034668,362.591522
328.000031,265.000031,422.647186,360.739838
328.000031,265.000031,424.658142,358.453674
328.000031,265.000031,426.773773,356.24884
328.000031,265.000031,428.717682,353.829407
328.000031,265.000031,430.740112,351.65094
328.250031,265.250031,432.681152,349.185242
328.250031,265.250031,434.559967,346.920013
328.250031,265.250031,436.251648,344.426178
328.250031,265.250031,438.230743,341.653839
328.615387,265.076904,439.821259,339.277954
328.615387,265.076904,441.459198,336.628754
328.600006,265.200012,443.046173,334.16925
328.600006,265.200012,444.451874,331.589478
328.600006,265.200012,446.082397,329.043396
328.600006,265.200012,447.600006,326.300018
328.600006,265.200012,448.707275,323.634125
328.600006,265.200012,449.915741,321.093811
328.600006,265.300018,451.103424,318.241364
328.600006,265.300018,452.310303,315.724121
329,265.5,453.44516,312.979462
328,264,454.100006,310.199982
328,265,455.151398,307.495453
329.5,265,456.0755,304.73584
329,265,456.787323,302.074188
329.5,265,457.475067,299.354004
329.5,265,458.305878,296.623535
329.5,265,458.903809,293.980774
329.5,265,459.512024,291.184021
329.5,265,459.670471,288.641602
331.049164,262.458984,460.429962,285.98999
331.049164,262.458984,460.597595,283.121948
331.049164,262.458984,460.750031,280.750031
331.049164,262.458984,460.83606,277.803314
323.600037,258.700012,461,275
323.600037,258.700012,461,273
323.600037,258.700012,461,269.5
323.600037,258.700012,462,267
323.600037,258.700012,461,257
323.600037,258.700012,461,254
323.600037,258.700012,461,251.5
328,270,461.278687,256.925842
328,270,461.079254,254.213409
328,270,460.993896,251.945099
328.5,265,460.433472,249.317886
328,265,460.108093,246.648651
328,265,459.621643,244.229721
328,265,459.250031,241.75
328,265,458.729401,239.282349
328.5,265,458.323608,236.794128
328,265,457.65979,234.224106
328,265,456.96228,231.86792
328,265,456.24527,229.358475
328,265,455.600037,226.799988
328,265,454.715271,224.467163
329.293121,261.982758,453.94519,222.020584
328,265,453.034485,219.586197
328,265,452.049438,217.242355
328.600037,264.700043,451.144318,214.824768
330,270,449.917847,212.450409
330,270,448.800079,210.100006
330,270,447.600067,207.700012
330,270,446.600037,205.200027
330,270,445.395844,202.778305
330,270,443.904572,200.463959
330,270,442.528137,198.044922
330,270,441.095551,195.752823
330,270,439.554016,193.578033
330,270,438.073822,191.248383
332.000031,262.000031,436.440063,188.920013
335.000031,269,434.707306,186.634125
329,258,433.170746,184.463425
329,258,431.056915,182.180679
332.000031,260.000031,429.351685,180.020706
332.000031,260.000031,427.429901,177.972855
321,267,425.345093,175.873795
321,267,423.391907,173.635742
321.000031,267.000031,421.500061,171.500015
328.430786,261.446167,419.371063,169.79184
328.430786,261.446167,417.313751,167.834488
328.430786,261.446167,415.311462,165.926208
328.430786,261.446167,413.098358,164.08194
327,271.000061,410.710449,162.425552
327.024414,263.219513,408.565552,160.732483
327.170746,263.036591,406.391907,158.851349
327.170746,263.036591,404.230743,157.153839
327.170746,263.036591,401.76355,155.812286
330,271,399.368225,154.180695
330.5,264,396.953857,152.83078
330.5,264,394.624207,151.522278
330.5,264,392.21106,149.979233
330.5,264,389.600006,148.800018
330.5,264,387.26062,147.552689
328.800049,264.400024,384.876312,146.278351
328.800049,264.400024,382.310669,145.25444
328.800049,264.400024,379.86203,144.344818
328.800049,264.400024,377.34259,143.225754
328.900024,264.200012,374.970764,142.080276
328.900024,264.200012,372.299988,141.099991
329.235992,264.522522,369.891907,140.351349
328,264,367.247742,139.674316
328.5849,264.45282,364.755768,138.936279
328.5849,264.45282,362.205933,138.176483
328,264,359.757385,137.531143
328,264,357.100769,137.02124
328.67926,264.62265,354.655975,136.391998
328,265,352.000031,136
328,264,349.32428,135.554047
328,265,346.869263,135.046173
328,265,344.531555,134.950684
328,265,341.528687,134.684433
323.600037,258.700012,339.097015,134.592911
323.600037,258.700012,337,135
323.600037,258.700012,333.999969,134
323.000031,259.000031,331.5,134
323.000031,259.000031,329,134
323.000031,259.000031,326,134
323.700012,258.900024,323.499969,134
323.700012,258.900024,321.898865,133.881332
323.700012,258.900024,318.923615,133.968628
323.700012,258.900024,316.213379,134.420746
323.700012,258.900024,314.018402,134.642792
323.700012,258.900024,311.630005,134.910004
328,265,309.054047,135.324326
328,265,306.67337,135.622009
328.705872,264.323547,304.326904,136.134613
328.999969,271.000031,302.02655,136.626007
328.999969,271.000031,299.764069,136.977509
327.842651,260.296967,297.617645,137.470596
327.842651,260.296967,295.1698,138.09433
327.842651,260.296967,292.903687,138.678894
327.842651,260.296967,290.839478,139.298157
327.840118,260.261414,288.760529,139.876648
327.842651,260.296967,286.640015,140.480011
327.400024,261.800018,284.547455,141.255493
327.579987,260.559998,282.453461,142.065353
327.400024,261.800018,280.448273,142.620682
327.200012,261.900024,278.349091,143.437881
327.300018,262.100006,276.391754,144.38147
327.851349,262.608124,274.565063,145.243149
327.300018,262.100006,272.563049,146.089722
327.770294,262.621643,270.600006,147.199997
327.900024,263.800018,268.968689,147.868103
327.770294,262.621643,267.322449,148.70134
328,263,265.662384,149.547775
328,263,263.861542,150.507706
328,263,262.18869,151.33963
328,263,260.661774,152.102951
328,263,259.402008,153.219803
328,263,257.926453,153.955887
328,263,256.615356,154.92305
328,263,255.076904,155.615372
327.49054,263.71698,253.692291,156.538452
328,263,252.847107,157.280243
328,263,251.560394,158.15773
328,263,250.628387,158.979752
328,263,249.565277,159.616928
328,263,248.650558,160.345734
328,263,247.684006,161.089218
328.200043,264.400024,246.976929,161.684631
328,264,246.111542,162.357697
328,264,245.327866,162.893448
328,264,244.70491,163.245911
328,264,243.95343,163.808609
328.25,264.25,243.394089,164.37645
328.25,264.25,242.858795,164.835281
328,264,242.364685,165.25882
328,264,241.946915,165.796463
328,264,241.5522,166.085022
328,264,241.070801,166.438049
328,264,240.681427,166.778763
328,264,240.296539,166.958618
328,264,239.910339,167.524139
328.500031,264.500031,239.40271,167.542969
328,264,239.029404,167.882355
328,264,238.9991,168.042526
328,264,238.499542,168.521255
328,264,238.000015,168.5
328,264,237.500015,169
328,264,237.250015,169.25
328,264,237.000015,169.5
328,264,236.500015,170
328,264,236.518829,170.464005
328,264,236.000015,170.5
328.500031,264.500031,235.500015,171
328.500031,264.500031,235.250015,171.25
328.500031,264.500031,235,171.500015
328,264,234.750031,172.250015
328,264,234.250015,172.25
328,264,234.250031,172.750015
328,264,233.750031,173.250015
328,264,233.500031,173.500015
328,264,232.750031,174.250015
328,264,232.750031,174.250015
328,264,232.250031,174.750015
328,264,231.750015,174.75
328,264,231.250015,175.25
328,264,231.198929,175.779022
328,264,230.699127,176.486725
328,264,230.220657,176.751709
328,264,229.944794,177.062057
328,264,229.213791,177.634476
328,264,228.981689,178.07103
328,264,228.314301,178.838531
328,264,227.876114,179.141586
328,264,227.401627,179.91803
328,264,226.950806,180.459015
328,264,226.418533,180.99176
328,264,225.853683,181.682922
328,264,225.434402,182.278671
328,264,224.878067,182.902435
328,264,224.437286,183.385681
328,264,223.804245,184.194611
328,264,223.395996,184.73027
328,263,222.894592,185.292313
328,264,222.416306,185.938004
328,264,221.932068,186.683517
328.016388,264.180298,221.243256,187.540543
328,264,220.851349,188.108109
328,263,220.29866,188.85907
328,263,219.896072,189.397232
327.5,263,219.314072,190.22171
328,263,218.769241,190.846161
327.5,263,218.307678,191.538437
327.300018,261.900024,217.875473,192.527069
327.300018,261.900024,217.404358,193.259933
328,263,216.891174,193.8853
328,263,216.307678,194.538452
328,263,215.941177,195.264709
327.300018,261.900024,215.460678,196.162933
327.619965,261.339996,215.012863,196.85408
328.16217,262.527039,214.523087,197.584625
327.619965,261.339996,214.107986,198.416473
327.619965,261.339996,213.600006,199.199997
328,262,213.169235,199.953842
328,262,212.738464,200.707703
328,262,212.24617,201.569229
328,262,211.830444,202.442902
327.619965,261.339996,211.363327,203.193771
328,262,210.896194,203.944626
328,262,210.318863,204.694153
327.619965,261.339996,209.900055,205.700012
327.619965,261.339996,209.500046,206.500031
327.619965,261.339996,209.000031,207.500015
327.619965,261.339996,208.600037,208.300018
327.619965,261.339996,208.282898,209.053635
327.619965,261.339996,208,210.000015
328.300049,263.100006,207.492661,210.765839
328.300049,263.100006,207.123703,211.721649
328.300049,263.100006,206.792892,212.49704
328.300049,263.100006,206.292877,213.49704
328.300049,263.100006,205.931747,214.287064
328.300049,263.100006,205.517242,215.206909
328.300049,263.100006,205.103439,216.241379
328.300049,263.100006,204.655182,216.862076
328.300049,263.100006,204.365997,217.948456
328.250031,263.250031,204.029175,218.919693
328.147095,263.411804,203.569351,219.934311
328.029449,263.382385,203.248169,220.81752
328.147095,263.411804,202.860046,221.777405
328.300049,263.100006,202.450012,222.650009
328.147095,263.411804,202.150009,223.550003
328.103424,264.241364,201.75,224.750015
328,264,201.450012,225.650009
327.79248,264.22644,201.29129,226.641876
328,264,200.98114,227.566025
327.879303,264.551727,200.679245,228.622635
327.948273,264.379333,200.330399,229.677368
327.948273,264.379333,200.066406,230.751068
327.79248,264.22644,199.764725,231.941177
327.649994,264.550018,199.352936,233.088257
327.649994,264.550018,199.168533,234.269638
327.649994,264.550018,198.83934,235.4328
327.649994,264.550018,198.435272,236.541168
327.649994,264.550018,198.103439,237.758636
327.649994,264.550018,197.903824,238.980774
327.649994,264.550018,197.730774,240.346161
328,264,197.461548,241.692322
327.649994,264.550018,197.207489,242.953217
328,264,196.965302,244.225418
328,264,196.816086,245.491272
327.5,265,196.580002,246.939972
327.5,265,196.399979,248.199982
327.5,265,196.174667,249.689972
327.5,265,196.000015,251.000015
328,265,195.813492,252.458435
327.5,265,195.55957,253.624741
328,265,195.4245,255.193954
328,265,195,257
327.5,265,195,258
328,265,195,259
328,265,195,261
328,265,195,262.5
328,265,195,264
328,265,195,266
327.5,265,195,267
328,265,195,269
328,265,195,270
328,265,195,272
328,265,195,273
328,265,195,275
328,265,195.62056,276.067627
328,265,195.694199,277.983124
328,265,195.778717,279.565582
328,265,195.853653,281.182922
328,265,196.107697,282.861572
328,265,196.35997,284.519958
328,265,196.473984,286.080933
327.5,265,196.75145,287.884369
327.5,265,197.059113,289.560211
327.5,265,197.25,291.25
328,265,197.635315,292.858795
328,264,198.028061,294.455017
327.750031,264.750031,198.441193,296.264709
327.750031,264.750031,198.726807,297.941437
328,264,199.244843,299.66806
328,264,199.71698,301.50943
327.600006,264.700012,200.238556,303.128479
327.600006,264.700012,200.745575,305.027679
327.689636,264.724152,201.300018,306.900024
327.400024,264.800018,201.823532,308.705872
327.400024,264.800018,202.465637,310.457214
326.600006,265.200012,203.178085,312.308197
326.600006,265.200012,203.896561,314.241394
333.000031,270,204.655167,316.137909
326.800018,265.100006,205.453629,318.02063
326.800018,265.100006,206.248749,320.038971
326.800049,265.600037,207.16124,322.002594
326.900024,265.299988,208.000031,324
328.046173,264.830811,208.900024,325.799988
327.200012,263.600037,209.876694,327.846954
327,264.000031,210.984634,329.723083
327.200012,263.600037,212.153854,331.769257
327.200012,263.600037,213.290497,333.593872
327.200012,263.600037,214.315857,335.590363
327,264.000031,215.476547,337.407959
327.200012,263.600037,216.846115,339.769196
327.200012,263.600037,218.146484,341.398071
327.500031,264.500031,219.619125,343.264984
327.500031,264.500031,220.961258,345.386658
331.32309,259.584625,222.292694,347.365845
331.32309,259.584625,224.007431,349.175751
331.32309,259.584625,225.346558,351.0914
329.200043,257.600037,227.105865,352.623535
329.200043,257.600037,228.861084,355.028961
329.200043,257.600037,230.477295,356.656403
325.01889,264.43396,232.250015,358.25
325.224396,264.619507,234,360.5
325.01889,264.43396,235.750961,362.271667
334.5,267,237.778748,364.181427
334.5,267,239.600006,365.800018
327.750031,265.250031,241.598343,367.58197
328.000031,265.000031,243.919708,369.241516
335,267,245.815948,371.089233
327.750031,265.250031,248.040558,372.756805
328.000031,265.000031,250.493301,374.295319
328.965515,266.413818,252.615372,376.076904
328.250031,264.750031,255.185944,377.655243
329.482758,266.206909,257.480652,379.218842
329.482758,266.206909,260.112701,380.622314
328,265,262.496796,382.089203
326.699982,264.600006,264.991089,383.51709
328,266,267.900024,385.200012
328,265,270.914062,386.530518
326.699982,264.600006,273.260529,387.629578
326.699982,264.600006,275.896545,388.758636
326.699982,264.600006,278.556702,389.752563
328,265,281.544617,390.95694
328,265,284.450043,392.150024
328,265,287.373016,393.037811
328,265,290.30188,393.94339
328,265,293.176483,394.794128
328,265,296.104919,395.554077
328,265,299.130005,396.132629
328,265,302.297211,396.790802
328,265,305.17569,397.445984
328,265,308.312103,397.97113
328,265,311.134277,398.22467
328,265,314.328094,398.555115
328,265,317.009705,398.816284
328,265,320,399
328,265,323,399
328,265,327,399
328,265,329.5,399
330,260,340,399
328,265,335.291138,399.285309
328,265,339.026062,398.997284
328,265,342.215424,398.723114
328,265,344.839996,398.379974
328,265,347.83783,398.027039
328,265,350.752808,397.515106
328,265,353.692261,396.961548
328,265,356.744232,396.413116
328,265,359.588287,395.852966
328,265,362.58847,395.157684
328,265,365.441315,394.112122
328,265,368.25,393.25
328,265,371.109619,392.440155
328,264,373.894135,391.583954
328,264,376.620697,390.551727
328,264,379.216522,389.237122
328.100037,265.200043,381.896912,388.268036
328.100037,265.200043,384.372742,387.164948
328.100037,265.200043,386.700073,385.900024
328.100037,265.200043,389.120361,384.778748
328.100037,265.200043,391.980988,383.276794
328.000031,265.000031,394.632355,381.720581
328.16925,265.046173,397.071686,380.260681
328.32785,265.393433,399.346161,378.769226
328.204895,265.24588,401.674011,377.41803
328.204895,265.24588,403.983246,375.761749
328.500031,265.000031,406.459991,374.279999
328.08197,265.098328,408.518585,372.524139
327.750031,265.250031,410.780487,370.975586
328.000031,265.000031,412.803223,369.16391
328.000031,265.000031,415.082947,367.425415
328.000031,265.000031,416.918579,365.710449
325,265,419.006409,363.840271
325,265,421.000031,362
328.000031,265.000031,422.985596,360.436279
328.000031,265.000031,424.811493,358.287537
328.000031,265.000031,426.414459,356.372986
328.000031,265.000031,428.25885,354.364685
328.250031,265.250031,429.958954,352.549194
328.250031,265.250031,431.73175,350.585388
331.83783,270.472961,433.119965,348.339996
328.250031,265.250031,434.74057,346.356781
328.250031,265.250031,436.510406,344.360291
328.250031,265.250031,437.615356,342.076874
328.250031,265.250031,439.461517,340.307678
328.615387,265.076904,440.544952,338.028107
328.538483,265.307709,442.014709,335.808807
328.600006,265.200012,443.292328,333.738464
328.600006,265.200012,444.477692,331.624207
328.600006,265.200012,445.600098,329.300018
328.600006,265.200012,446.900024,327.199982
328.600006,265.200012,447.954651,325.096313
328.600006,265.200012,449.087769,322.809723
328.600006,265.200012,450.043091,320.732758
328.600006,265.300018,450.965515,318.586212
328.800018,265.400024,452.103455,316.241364
328.77359,264.79248,452.890381,313.958923
329.058838,264.764709,453.723083,311.784607
328.702698,265.783783,454.439819,309.500732
328,265,455.243225,307.459442
329,265,455.885345,305.215607
329.5,265,456.643188,302.838196
329.5,265,457.088287,300.647095
329.5,265,457.694092,298.376465
329,265,458.376465,296.305878
329.5,265,458.884613,294.076935
329,265,459.400024,291.799988
329.5,265,459.594421,289.535095
329.5,265,460.028839,287.312103
329,265,460.341278,285.098969
329,265,460.615845,282.957306
331.049164,262.458984,460.725861,280.878662
331.049164,262.458984,461,279
331.295105,262.254059,461,277
331.295105,262.254059,461,275
331.049164,262.458984,461,273
323.600037,258.700012,461,271
323.600037,258.700012,462,268
323.600037,258.700012,462,266
323.600037,258.700012,461,257
323.600037,258.700012,461,254.5
323.600037,258.700012,461,252.5
323.600037,258.700012,461,258
328,270,461.233765,256.453949
328,270,461.079254,254.713394
323.600037,258.700012,460.895905,252.891418
328,265,460.821014,251.157257
328.5,265,460.46817,249.54332
328,265,460.341034,247.716721
328.5,265,460.16214,245.972977
328,265,459.635193,244.310822
328,265,459.480011,242.639984
328.5,265,459.15387,241.269226
328,265,458.823517,239.705872
328.5,265,458.524597,238.229492
328,265,458.323608,236.794128
328,265,458.058838,235.235306
328,265,457.564331,234.116226
328,265,457.22641,232.792465
328,265,456.98111,231.43396
328.5,265,456.641479,230.2453
328,265,456.210815,228.935135
328,265,455.879547,227.99855
328,265,455.600037,226.799988
328,265,455.250031,225.75
328,265,454.843201,224.924118
328,265,454.5401,223.985382
328.5,265,454.223175,223.102554
328,265,453.965729,222.075348
329.686523,262.681091,453.590088,221.299026
328.800018,264.900024,453.275848,220.689636
328,265,453.103424,219.758606
328,265,452.827576,219.06897
328,265,452.660919,218.347214
330,270,452.292419,217.706604
329.100037,264.700043,451.948486,217.134018
330,270,451.905182,216.612076
330,270,451.453674,216.020615
330,270,451.413818,215.46553
330,270,451.103119,214.731964
330,270,450.770691,214.336563
330,270,450.541382,213.673172
328.600037,264.700043,450.278015,213.102463
330,270,450.263367,212.570709
330,270,449.865051,212.016602
330,270,449.600037,211.699982
330,270,449.400055,211.299988
330,270,449.000061,210.5
328.600006,264.700012,448.800079,210.100037
330,270,448.600067,209.700012
330,270,448.300049,209.099991
330,270,448.000061,208.5
330,270,447.800049,208.100006
330,270,447.671417,207.651886
330,270,447.488678,207.228088
328.600006,264.700012,447.138824,206.663773
330,270,446.903137,206.318359
330,270,446.726685,205.880676
330,270,446.444702,205.344925
330,270,446.257019,204.816101
330,270,446.157135,204.35202
330,270,445.87088,203.912292
330,270,445.580994,203.394638
330,270,445.342285,202.968338
330,270,444.907715,202.338486
330,270,444.663239,201.779739
330,270,444.52597,201.40152
330,270,444.060883,200.852814
330,270,443.807098,200.2995
330,270,443.514709,199.806137
330,270,443.129944,199.21933
330,270,442.823517,198.705872
330,270,442.623779,198.23761
330,270,442.230408,197.668564
330,270,442,197
330,270,441.415771,196.365143
330,270,441.207916,195.932602
330,270,440.870819,195.393265
330,270,440.461548,194.692291
330,270,439.999969,194
330,270,439.572021,193.604034
330,270,439.12204,192.95401
330,270,438.769196,192.153839
330,270,438.357788,191.718781
330,270,437.921478,191.055435
330,270,437.445923,190.324326
330,270,437.040039,189.720016
332.000031,262.000031,436.5,188.999985
332.000031,262.000031,436.004425,188.255981
330,270,435.600037,187.800034
332.000031,262.000031,435.000061,187.000015
332.000031,262.000031,434.512207,186.390259
332.000031,262.000031,433.926819,185.658508
332.000031,262.000031,433.658569,185.073166
332.000031,262.000031,433.073181,184.341476
332.000031,262.000031,432.470306,183.797028
332.000031,262.000031,431.858917,183.160889
329,258,431.32431,182.507446
332.000031,262.000031,430.952942,181.611786
329,258,430.529388,181.117645
332.000031,260.000031,429.902649,180.460175
332.000031,260.000031,429.413818,179.9655
331.900024,260.200012,428.723816,179.248627
332.000031,260.000031,428.250061,178.250031
331.900024,260.200012,427.624359,178.138153
321,267,426.886902,177.375565
321,267,426.203644,176.723969
321,267,425.686798,176.203766
321,267,425.250061,175.250031
321,267,424.5,174.999985
328.430786,261.446167,424.000061,174.000015
321,267,423.142151,173.396851
328.430786,261.446167,423.000031,172.999985
328.430786,261.446167,422.250031,172.249985
328.430786,261.446167,421.250061,171.250015
328.430786,261.446167,420.674194,171.158356
328.430786,261.446167,420.250061,170.250031
328.430786,261.446167,419.196869,169.633484
328.430786,261.446167,418.5,168.5
328.430786,261.446167,417.994507,168.39505
328.430786,261.446167,417.141602,167.623886
328.430786,261.446167,416.305878,166.976456
327.90567,262.16983,415.647095,166.411774
328.430786,261.446167,414.816833,165.529968
328.430786,261.446167,413.934418,164.778671
328.430786,261.446167,413.121948,164.097565
327.90567,262.16983,412.268311,163.414642
327.90567,262.16983,411.511536,162.842285
328.43396,262.01889,410.619843,162.186523
327.024414,263.219513,409.640045,161.479996
327.024414,263.219513,408.960022,160.720001
327.024414,263.219513,408.279999,159.960007
327.634613,263.826904,407.170898,159.591232
327.024414,263.219513,406.08786,158.777023
327.634613,263.826904,405.254028,158.022003
327.634613,263.826904,404.461487,157.307663
328.5,264,403.384583,156.923065
327.634613,263.826904,402.40976,156.422241
330,271,401.538422,155.692291
330,271,400.402924,154.938232
330,271,399.590302,154.315872
329,264,398.602905,153.661743
330,271,397.712402,153.20726
328.800018,264.400024,396.523071,152.58461
328.800018,264.400024,395.784607,151.876923
328.800018,264.400024,394.58963,151.438675
329,264,393.541412,150.840759
329,264,392.626282,150.200684
329,264,391.607574,149.685394
329,264,390.399994,149.200012
328.800049,264.400024,389.600006,148.800018
329,264,388.386322,148.088745
328.800049,264.400024,387.26062,147.552689
329,264,386.215302,147.042511
328.800049,264.400024,385.102478,146.278046
328.800049,264.400024,384,146
328.800049,264.400024,382.856476,145.465866
328.800049,264.400024,381.793121,144.982758
328.800049,264.400024,380.724152,144.689651
328.800049,264.400024,379.407227,144.041245
329.235992,264.522522,378.448303,143.379303
328.800049,264.400024,377.240845,143.087585
329.235992,264.522522,376.02713,142.723969
328.800049,264.400024,374.821533,142.172318
329.235992,264.522522,373.600006,141.699997
329.376434,264.297791,372.399994,141.300003
328.793091,264.517242,371.179962,140.937592
329.376434,264.297791,369.8703,140.421631
328,264,368.669739,140.100922
328,264,367.339478,139.701843
328,264,366.058105,139.282166
328,264,364.644257,138.863708
328,264,363.260162,138.502655
328,264,361.852997,138.088242
328,264,360.481964,137.70163
328,264,359.035309,137.341187
328.67926,264.62265,357.55368,137.082932
328,264,356.135712,136.787766
328,264,354.655975,136.391998
328,265,353.054047,136.175674
328,265,351.330719,135.932922
328,265,349.729736,135.621613
328,265,348.161591,135.288223
328,265,346.457306,135.112625
328,264.5,345,135
328,265,342.767334,134.826721
328,265,340.853699,134.682938
328,265,339,135
323.600037,258.700012,337,135
329,265,335,134
329,265,332.999969,134
323.700012,258.900024,330,134
323.700012,258.900024,327.5,134
323.700012,258.900024,325.5,134
323.700012,258.900024,322.999969,134
323.700012,258.900024,321,135
323.700012,258.900024,318.046082,134.076324
323.700012,258.900024,315.876251,134.262375
323.700012,258.900024,313.030579,134.729279
323.700012,258.900024,310.3237,135.104034
328.705872,264.323547,307.644043,135.453201
328.676483,264.205933,304.798676,135.943115
328,264,301.905853,136.576477
327.041443,262.642487,299.095062,137.154083
327.842651,260.296967,296.091309,137.842331
327.842651,260.296967,293.18869,138.660355
327.842651,260.296967,290.221619,139.470291
327.842651,260.296967,287.100006,140.300003
327.649963,260.549988,284.255463,141.452576
327.649963,260.549988,281.310364,142.275848
327.851349,262.608124,278.266266,143.639069
328,262.5,275.318512,144.900681
328,262.5,272.367981,146.18335
328.100037,264.200012,269.5,147.5
328.300018,264.100006,266.771149,149.015182
328,263,263.969238,150.446152
328.000031,264.000031,261.182526,152.010284
328.000031,264.000031,258.348511,153.885162
328,263,255.423035,155.384598
328,263,252.876419,157.259857
328,263,250.360031,158.980011
328,263,247.720032,160.960022
328,263,245.147552,162.877045
328,264,242.72821,165.062424
328,263,240.282745,167.1931
327.147095,263.588257,237.500015,169
328,264,235.250015,171.25
328,264,233.250015,173.75
328,264,230.500031,175.500015
328,264,228.841751,178.231964
328,264,226.614746,180.762299
327.580017,264.059998,224.644791,183.287231
328,264,222.779449,185.447754
328,263,220.722961,188.087814
327.5,263,219.230774,190.653854
327.300018,261.900024,217.273529,193.355881
327.619965,261.339996,215.623596,196.20224
327.619965,261.339996,213.876633,198.809784
328,262,212.43869,201.410385
327.619965,261.339996,210.778732,204.120407
327.619965,261.339996,209.300034,206.900009
327.619965,261.339996,208.024353,209.780472
328.300049,263.100006,206.620712,212.551743
328.300049,263.100006,205.448288,215.379318
328.250031,263.250031,204.263367,218.433685
328.147095,263.411804,203.131241,221.332596
328,264,201.949997,224.150009
327.79248,264.22644,201.0681,227.020172
328,264,200.253815,230.069244
327.879303,264.551727,199.352966,233.088257
328,264,198.635284,236.141159
328,264,197.865387,239.173096
328,264,197.424011,242.167999
327.800049,264.600006,196.869781,245.128845
327.750061,264.750031,196.389984,248.269989
328,265,195.934845,251.18428
328,265,195.512192,254.609772
328,265,195,257
327.5,265,195,260.5
328,265,195,263
328,265,195,266.5
328,265,195,270
328,265,195,272.5
328,265,195.61174,275.952942
328,265,195.769241,278.846191
328,265,195.963409,281.670715
327.5,265,196.329971,284.809998
328,265,196.739868,287.809235
328,265,197.384628,290.923035
327.5,265,197.741196,293.835266
328,264,198.558823,296.735321
328,264,199.244827,299.66806
328,264,200.03212,302.440369
327.600006,264.700012,201.000031,305.5
327.689636,264.724152,201.821472,308.18222
328,264,202.726044,311.102753
326.600006,265.200012,203.758621,313.896515
326.600006,265.200012,204.793106,316.482758
326.700043,265.399994,205.948471,319.134033
333.000031,270,207.062866,321.731995
326.900024,265.299988,208.200027,324.399994
327.200012,263.600037,209.369766,326.841431
327.200012,263.600037,210.815262,329.328003
327.200012,263.600037,212.220215,331.663177
327,264.000031,213.61763,334.029419
327.200012,263.600037,214.853485,336.434662
327.200012,263.600037,216.230743,338.84613
327.500031,264.500031,217.692291,341.038452
327.500031,264.500031,219.355713,343.151031
327.500031,264.500031,220.820007,345.26001
327.500031,264.500031,222.345749,347.349487
331.32309,259.584625,224.147522,349.377045
329.200043,257.600037,225.931015,351.327576
329.200043,257.600037,227.646011,353.309692
329.200043,257.600037,229.15947,355.365845
325.09436,264.16983,231.000046,357.000031
326,265,232.750031,358.750031
325.01889,264.43396,234.750031,360.750031
325.01889,264.43396,236.135834,362.624512
325.01889,264.43396,237.991135,364.367279
328.000031,265.000031,239.852463,365.877075
335,267,241.729492,367.524597
327.750031,265.250031,243.650085,369.030487
327.750031,265.250031,245.502151,370.715912
327.750031,265.250031,247.38002,372.160004
328.000031,265.000031,249.445908,373.67569
328.000031,265.000031,251.384598,374.923065
328.965515,266.413818,253.07692,376.384583
328.965515,266.413818,255.185913,377.655212
329.600006,265.700012,257.028107,378.955078
329.600006,265.700012,258.974304,380.043732
329.482758,266.206909,260.922882,381.131104
328.500031,264.500031,262.7453,382.35849
328,266,264.685028,383.270447
328,266,266.300018,384.400024
326.699982,264.600006,268.900024,385.700012
328,265,270.927795,386.52536
326.699982,264.600006,272.38562,387.126038
326.699982,264.600006,274.010895,387.974335
326.699982,264.600006,275.698853,388.715332
326.699982,264.600006,277.551727,389.620728
328,265,279.308228,390.17807
328,265,281.101868,390.714935
328,265,282.748749,391.347412
328,265,284.450012,392.149994
328,265,286.099976,392.700012
328,265,287.807373,393.142212
328,265,289.371552,393.761475
328,265,290.92453,394.26413
328,265,292.381744,394.568451
328,265,294.000031,395.000031
328,265,295.504883,395.354126
328,265,296.835297,395.741211
328,265,298.317596,396.070618
328,265,299.734802,396.259979
328,265,301.076935,396.615387
328,265,302.384613,397.076965
328,265,303.743225,397.040527
328,265,304.932465,397.405426
328,265,306.229736,397.621643
328,265,307.364868,397.810822
328,265,308.598236,398.013123
328,265,309.817108,398.146362
328,265,311,398
328,265,312.117828,398.380829
328,265,313.153473,398.465363
328,265,314.280914,398.550598
328,265,315.217255,398.610687
328,265,316.317261,398.693115
328,265,316.5,399
328,265,318,399
328,265,318.5,399
328,265,321,399
328,265,320.999969,398.999969
328,265,322.999969,398.999969
328,265,323,399
328,265,325,399
328,265,326.5,399
328,265,327,399
328,265,328.5,399
328,265,329,399
309,391,330.5,399
328,265,331,399
319,410,339.5,399
311,400,340.5,399
321,410,341.5,399
328,265,335,400
328,265,336.024384,399.365112
330,260,337,400
328,265,338.024139,399.410339
328,265,339.390442,398.958893
328,265,340.459045,399.049194
328,265,341.472687,398.767914
328,265,342.443695,398.771332
328,265,343.091492,398.823181
328,265,344.123718,398.396759
328,265,344.839996,398.380005
328,265,345.658936,398.283234
328,265,346.466492,398.165375
328,265,347.351349,398.108124
328,265,348.17569,398.054016
328,265,349.049988,397.791443
328,265,349.85907,397.701355
328,265,350.728271,397.550964
328,265,351.362305,397.432098
328,265,352.16803,397.424011
328,265,352.943115,397.201294
328,265,353.692322,396.961548
328,265,354.283905,396.872253
328,265,355.082367,396.870636
328,265,355.694092,396.623505
328,265,356.329376,396.48233
328,265.5,356.967194,396.360657
328,265,357.580322,396.21637
328,265,358.137726,396.085236
328,265,358.790192,396.108185
328,265,359.352936,395.911774
328,265,359.941193,395.764771
328,265,360.539459,395.522827
328,265,361.09964,395.373444
328,265,361.65976,395.224091
328,265.5,362.207703,395.261536
328,265,362.715393,395.123077
328,265,363.39624,394.88678
328,265,363.834778,394.567505
328,265,364.277374,394.436371
328,265,364.8349,394.449524
328,265,365.412842,394.121002
328,265,365.89682,393.969757
328,265,366.266937,393.854095
328,265,366.924408,393.760712
328,265,367.54718,393.5849
328,265,367.800049,393.400024
328,265,368.400024,393.200012
328,265,369.050049,393.149994
328,264,369.500031,393
328,265,369.981781,392.863434
328,265,370.514343,392.603729
328,265,370.954468,392.49411
328,265,371.348602,392.241272
328,264,371.849213,392.092896
328,264,372.459869,392.014618
328,265,372.752747,391.832367
328,264,373.452545,391.744537
328,265,373.867371,391.526764
328,265,374.471497,391.301361
328,264,374.896545,391.241394
328,264,375.413788,391.034454
328,264,376.103424,390.758667
328,264,376.448273,390.620728
328,264,377.137909,390.344849
328,264,377.621277,389.99115
328,264,378.241394,390.103424
328.100037,265.200043,378.931,389.827576
328.100037,265.200043,379.309296,389.195862
328.100037,265.200043,379.907257,389.04126
328.100037,265.200043,380.620697,388.948334
328.100037,265.200043,381.154633,388.597931
328.100037,265.200043,381.80484,388.243866
328.100037,265.200043,382.479645,387.84787
328.100037,265.200043,383.073151,387.658539
328.100037,265.200043,383.74826,387.317566
328.100037,265.200043,384.386749,387.158173
328.100037,265.200043,384.900024,386.800018
328.100037,265.200043,385.700012,386.400024
328.100037,265.200043,386.300049,386.100037
328.000031,265.000031,386.700043,385.900055
328.100037,265.200043,387.300018,385.600006
328.000031,265.000031,387.980988,385.276825
328.000031,265.000031,388.563995,385.071594
328.100037,265.200043,389.326416,384.670288
328.16925,265.046173,390.138397,384.259491
328.000031,265.000031,391.046722,383.775055
328.16925,265.046173,391.853882,383.369263
328.000031,265.000031,392.769287,382.846161
328.100037,265.200043,393.523102,382.415405
328.16925,265.046173,394.160675,381.989655
328.100037,265.200043,395.115662,381.696655
328.100037,265.200043,395.823547,381.205872
328.100037,265.200043,396.488281,380.659332
328.061554,265.107697,397.466339,380.146057
328.153839,265.230743,398.2883,379.57547
328.153839,265.230743,398.862823,379.231049
328.32785,265.393433,399.772583,378.64624
328.32785,265.393433,400.384613,378.076904
328.32785,265.393433,401.461548,377.692291
328.32785,265.393433,402.002075,377.114014
328.204895,265.24588,402.765991,376.662018
328,264.999969,403.681244,375.973175
328,264.999969,404.513489,375.418915
328.204895,265.24588,405.12854,375.067444
328.08197,265.098328,406.224487,374.51886
328.250031,264.750031,406.860046,373.980011
328.08197,265.098328,407.800018,373.400024
328.08197,265.098328,408.460968,372.799286
327.750031,265.250031,409.252502,372.331421
327.750031,265.250031,410.048828,371.561035
328.000031,265.000031,410.780457,370.975586
328.000031,265.000031,411.443085,370.319336
328.000031,265.000031,412.173309,369.767365
328.000031,265.000031,413.147491,368.877014
328.000031,265.000031,413.737701,368.385223
328.000031,265.000031,414.552948,367.811768
328.000031,265.000031,415.442047,367.102234
328.000031,265.000031,416.187897,366.430969
328.000031,265.000031,416.764709,365.941132
328.000031,265.000031,417.610901,365.171936
325,265,418.394348,364.430206
325,265,419.1651,363.550476
328.000031,265.000031,419.250031,362.75
325,265,420.750031,362.25
325,265,421.500031,361.5
328.000031,265.000031,422.700378,360.7146
328.000031,265.000031,423.750031,359.75
328.000031,265.000031,424.31311,358.827454
328.000031,265.000031,425.003204,358.079865
328.250031,265.250031,425.796204,357.313202
328.250031,265.250031,426.728546,356.298615
328.250031,265.250031,427.593048,355.082764
328.000031,265.000031,428.823547,353.705872
328.250031,265.250031,429.811768,352.552948
328.250031,265.250031,430.852448,351.377045
328.250031,265.250031,431.962189,350.18454
328.250031,265.250031,432.922607,348.765533
328.250031,265.250031,434.119995,347.340027
328.250031,265.250031,435.380005,345.660004
328.250031,265.250031,436.514648,344.010193
328.250031,265.250031,437.461517,342.307709
328.250031,265.250031,439.307678,340.538452
328.000031,265.500031,440.332367,338.620575
328.615387,265.076904,441.442047,336.656647
328.600006,265.200012,442.738495,334.707703
328.600006,265.200012,443.93811,332.54361
328.600006,265.200012,445.12738,330.433136
328.600006,265.200012,446.400085,328.200012
328.600006,265.200012,447.899994,325.699982
328.600006,265.200012,448.882874,323.253632
328.761566,265.292297,450.043091,320.732758
328.800018,265.400024,451.241364,317.896545
328.600006,265.300018,452.273193,315.489685
328.399994,265.200012,453.354156,312.731903
328.5,265,454.199982,309.899994
328.702698,265.783783,455.329712,307.178375
329.5,265,456.22644,304.20755
329.5,265,456.97464,301.348328
329.5,265,457.872162,298.293427
329,265,458.450989,295.358093
329.5,265,459.184021,292.488007
329,265,459.606903,289.457092
329.5,265,460.294739,286.583832
331.049164,262.458984,460.524384,283.280487
331.049164,262.458984,460.75412,280.704926
331.049164,262.458984,461,277
331.049164,262.458984,461,275
323.600037,258.700012,461,271
323.600037,258.700012,462,269
323.600037,258.700012,461,265.5
323.600037,258.700012,461,254.5
323.600037,258.700012,461,251.5
328,270,461.260712,256.737091
328,270,461.058044,253.993164
323.600037,258.700012,460.786072,250.895218
328.5,265,460.387268,248.017334
328.5,265,459.832977,245.289886
328.5,265,459.299805,242.323868
328,265,458.799988,239.600021
328,265,458.323608,236.794128
328,265,457.500031,234
328.5,265,456.94339,231.30191
328,265,456.055389,228.508804
328,265,455.300049,225.899994
328,265,454.306519,223.343048
328,265,453.344818,220.862061
329.293121,261.982758,452.374146,218.263519
330,270,451.551758,215.620697
328.700043,264.900024,450.336548,213.229263
330,270,449.100067,210.700027
330,270,447.900055,208.300003
330,270,446.709351,205.954987
330,270,445.840668,203.541382
330,270,444.161804,201.102951
330,270,442.911743,198.852936
330,270,441.58432,196.634811
330,270,440.309021,194.494415
330,270,438.618042,192.226013
330,270,437.277039,190.087799
332.000031,262.000031,435.780029,188.040039
335.000031,269,434.188751,185.852295
329,258,432.514862,183.851486
332.000031,262.000031,430.834198,181.908401
332.000031,260.000031,429.268921,179.927567
331.900024,260.200012,427.452515,177.997742
321,267,425.520721,176.022629
321,267,424.000061,174.000031
321.000031,267.000031,422.332031,172.637695
328.430786,261.446167,420.243134,170.61879
328.430786,261.446167,418.500061,168.500031
328.430786,261.446167,416.433624,167.004456
328.430786,261.446167,414.672119,165.393448
328.430786,261.446167,412.634155,163.707321
326.84613,261.769196,410.440826,162.214523
327.024414,263.219513,408.440033,160.579987
327.024414,263.219513,406.399353,158.929535
327.170746,263.036591,404.461517,157.307678
328.5,264,402.016266,155.974731
330,271,399.926453,154.455872
330.5,264,397.600006,153.199982
331,264,395.246155,151.569244
329,264,392.908234,150.527527
330.5,264,390.399994,149.200012
330.5,264,388.046814,147.902481
330.5,264,385.585388,146.731705
328.800049,264.400024,383.069,145.672424
328.800049,264.400024,380.379303,144.551727
328.800049,264.400024,377.825745,143.457428
328.800049,264.400024,375.344604,142.356934
328.900024,264.200012,372.508942,141.422241
329.000031,264,369.94339,140.30188
328,264,367.261505,139.628448
328,264,364.389374,138.840698
328.5849,264.45282,361.735321,138.058823
328.5849,264.45282,358.929443,137.317657
328.67926,264.62265,356.15387,136.769257
328.67926,264.62265,353.330292,136.100922
328,264,350.621613,135.770264
328,265,347.834076,135.244553
328,265,345,135
328,265,342.348328,134.842712
328,265,339.097015,134.592911
329,265,337,134
323.600037,258.700012,333.5,134
323.000031,259.000031,331,134
323.700012,258.900024,327.5,134
323.700012,258.900024,325,134
323.700012,258.900024,321.5,134
323.700012,258.900024,319.317261,133.941635
323.700012,258.900024,316.651703,134.168045
323.700012,258.900024,313.954956,134.65097
323.700012,258.900024,311.07785,135.025497
323.700012,258.900024,308.324341,135.445938
328,265,305.704041,135.871994
328.705872,264.323547,302.865387,136.32692
326.692291,262.538391,300.211792,136.952942
327.845215,260.332489,297.617645,137.470596
327.842651,260.296967,294.90564,138.1698
327.842651,260.296967,292.261505,138.871552
327.842651,260.296967,289.593597,139.730042
327.842651,260.296967,286.950012,140.350006
327.840118,260.261414,284.536499,141.350372
327.579987,260.559998,281.884003,142.198456
328,262,279.413788,143.0345
327.810791,262.364838,276.880737,144.225754
327.851349,262.608124,274.452057,145.294525
327.851349,262.608124,271.994232,146.416595
328,263,269.5,147.5
328.100037,264.200012,267.203918,148.787415
328.100037,264.200012,264.784637,150.123093
328.000031,264.000031,262.52829,151.15094
327.411804,263.647064,260.117645,152.529404
328,263,257.95343,153.989777
328,263,255.538452,155.307678
328,263,253.348419,156.844574
328,263,251.240784,158.306641
328,263,249.279037,159.835007
328,263,247.000031,161.500015
328,263,245.032776,163.139343
328,264,243.00885,164.867264
328,264,241.076462,166.505875
327.176514,263.705933,239.03833,168.041534
328,264,236.750015,169.75
328,264,235.000015,171.5
328,264,233.500015,173.5
328,264,231.871048,174.938904
328,264,230.187546,177.105042
328,264,228.378906,178.764252
328,264,226.784683,180.596558
328,264,225.268311,182.414642
328,264,223.919983,184.440002
328,264,222.389206,186.464859
328,263,220.817581,188.155396
328,263,219.494263,190.03949
328,263,217.999969,192
327.619965,261.339996,216.891174,193.8853
327.619965,261.339996,215.685394,195.803375
327.619965,261.339996,214.533707,197.727966
327.619965,261.339996,213.353851,199.630768
328,262,212.307693,201.461533
328,262,211.280273,203.349487
327.619965,261.339996,210.200043,205.100021
327.619965,261.339996,209.200043,207.100021
327.619965,261.339996,208.458511,208.673172
327.619965,261.339996,207.567017,210.474243
328.300049,263.100006,206.925278,212.271866
328.300049,263.100006,206.145905,213.903534
328.250031,263.250031,205.379318,215.551727
328.250031,263.250031,204.817001,217.275772
328.300049,263.100006,204.16832,218.683197
328.250031,263.250031,203.540146,220.014603
328.250031,263.250031,202.956924,221.455399
328.250031,263.250031,202.500031,223
328.147095,263.411804,201.950012,224.150009
327.948273,264.379333,201.753143,225.448334
328.147095,263.411804,201.362183,226.572968
328.147095,263.411804,200.943405,227.698105
327.948273,264.379333,200.679245,228.622635
327.879303,264.551727,200.377365,229.67926
327.879303,264.551727,200.138458,230.492294
327.879303,264.551727,199.867233,231.497955
327.948273,264.379333,199.676483,232.294113
327.879303,264.551727,199.5,233.000015
327.649994,264.550018,199.176483,233.794159
327.879303,264.551727,199.17247,234.281387
327.649994,264.550018,199.025269,234.890427
327.649994,264.550018,198.81311,235.544266
328,264,198.658798,236.035294
327.649994,264.550018,198.564697,236.458817
327.649994,264.550018,198.341156,236.964706
327.649994,264.550018,198.339539,237.387299
327.649994,264.550018,198.265686,237.882568
328,264,198.11058,238.298752
327.71701,264.49057,197.961548,238.692322
328,264,197.846161,239.269241
328,264,197.769241,239.653854
327.649994,264.550018,197.67308,240.134613
328,264,197.608017,240.655975
328,265,197.544006,241.007996
327.649994,264.550018,197.432007,241.624008
327.649994,264.550018,197.456009,241.991989
327.800049,264.600006,197.299072,242.530273
327.5,265,197.24649,242.959457
327.649994,264.550018,197.132614,243.421234
328,265,197.011551,243.924835
327.5,265,196.919067,244.526001
328,264,196.938248,244.916779
328,265,196.826828,245.418777
327.5,265,196.729996,245.889984
327.5,265,196.709991,246.529984
327.5,265,196.619995,247.159973
327.5,265,196.539993,247.719971
327.5,265,196.441086,248.302216
327.5,265,196.366409,248.843643
327.800049,264.600006,196.331879,249.510925
327.5,265,196.15358,250.194534
327.5,265,196.009918,250.901016
327.5,265,195.959564,251.424728
328,265,195.905746,252.03688
328,265,195.729523,252.975433
328,265,195.615738,253.534866
328,265,195.523453,254.480316
327.5,265,195.448288,255.120697
327.5,265,195.426483,255.955856
328,265,195,257
327.5,265,195,257
328,265,195,258
328,265,195,259
328,265,195,260
328,265,195,261
328,265,194.999985,262
328,265,195,263
328,265,195,264
328,265,195,264
328,265,195,265
328,265,195,266
328,265,195,267
328,265,194.999985,268
328,265,195,269
328,265,195,270
328,265,195,270.5
328,265,195,272
328,265,195,272.5
328,265,195,273
328,265,195,274.5
328,265,195,275
328,265,195.614685,275.99115
328,265,195.635925,276.949097
328,265,195.690445,277.939972
328,265,195.717239,278.889343
328,265,195.802261,279.923645
328,265,195.868515,280.750702
327.5,265,195.951218,281.560974
328,265,196.133102,282.631378
328,265,196.24617,283.469269
328,265,196.279968,284.459961
327.5,265,196.369934,285.404602
327.5,265,196.48555,286.156067
328,265,196.635834,287.132935
328,265,196.756775,288.040558
327.5,265,196.983978,288.911987
327.5,265,197.120377,289.881836
328,265,197.25,290.75
328,265,197.467529,291.592926
327.5,265,197.480042,292.486877
328,265,197.670563,293.51767
327.5,265,197.835312,294.25882
327.750031,264.750031,198.150818,295.140991
328,265,198.167206,295.960693
328,265,198.470596,296.882385
328,264,198.588242,297.852936
327.750031,264.750031,198.882935,298.546356
328,264,199.178436,299.419098
328,265,199.394226,300.228241
328,264,199.603775,301.11322
328,264,199.735855,302.0755
328,264,200.183502,302.945007
328,264,200.45874,303.862427
328,264,200.642975,304.634247
327.862061,264.655182,200.933243,305.541351
327.689636,264.724152,201.150024,306.449982
327.400024,264.800018,201.300018,307.399994
327.400024,264.800018,201.782455,308.249573
328,264,202.089264,309.086151
327.689636,264.724152,202.42157,310.02771
327.689636,264.724152,202.664398,310.938354
327.689636,264.724152,203.054794,311.979462
327.400024,264.800018,203.275864,312.689667
326.600006,265.200012,203.689651,313.724091
326.600006,265.200012,204.103439,314.758606
326.600006,265.200012,204.448288,315.620697
326.600006,265.200012,204.849396,316.642365
333.000031,270,205.172424,317.569
326.800049,265.600037,205.658157,318.713806
327.000031,265.500031,205.958786,319.907227
326.600006,265.200012,206.503876,320.901459
325.299988,264.599976,207.052017,321.775024
325.369995,264.589966,207.514008,322.993256
326.900024,265.299988,208.000031,324
328.046173,264.830811,208.500031,325
325.369995,264.589966,208.90004,326.300018
327.200012,263.600037,209.547043,327.197845
327,264.000031,210.17981,328.427917
327,264.000031,210.863235,329.35376
325.369995,264.589966,211.476944,330.584625
327,264.000031,212.092316,331.66156
327.200012,263.600037,212.750656,332.676117
327.200012,263.600037,213.294128,333.823486
327.200012,263.600037,213.882355,334.970581
327.200012,263.600037,214.662949,335.960724
327.200012,263.600037,215.423538,337.094086
327.200012,263.600037,216.153854,338.230743
327.200012,263.600037,216.692276,339.538422
327.200012,263.600037,217.461517,340.692291
327.200012,263.600037,218.204712,341.506744
327.200012,263.600037,219.120804,342.815491
327.500031,264.500031,219.972977,343.83783
327.500031,264.500031,220.690094,345.093231
327.500031,264.500031,221.587372,346.163635
327.500031,264.500031,222.496124,347.280762
331.32309,259.584625,223.170761,348.46344
329.200043,257.600037,224.126251,349.48764
331.32309,259.584625,224.991806,350.590179
329.200043,257.600037,226.058594,351.79657
329.200043,257.600037,226.986755,352.699097
329.200043,257.600037,228.009064,353.809937
329.200043,257.600037,228.737122,354.85611
329.200043,257.600037,229.750046,355.750031
329.200043,257.600037,231.000046,357.000031
329.100067,257.800018,232.25,358.25
329.100067,257.800018,233.250031,359.250031
325.01889,264.43396,234.500031,360.500031
329.000061,258.000031,235.573608,362.192444
325.01889,264.43396,236.585648,363.127075
325.01889,264.43396,237.884949,364.274353
325.459991,264.779999,239.105896,365.376465
328.000031,265.000031,240.658813,366.564728
328.000031,265.000031,242.122925,367.852448
328.000031,265.000031,243.219498,368.975647
328.000031,265.000031,244.865417,370.173065
327.750031,265.250031,246.180008,371.259979
327.750031,265.250031,247.860001,372.519989
321.000031,263,249.284485,373.604858
331.000031,259.000031,250.923035,374.615356
329.56897,266.172424,252.384598,375.923065
328.965515,266.413818,254,377
328.965515,266.413818,255.61763,378.029419
328.965515,266.413818,257.36908,379.150177
329.482758,266.206909,258.985321,380.191193
329.600006,265.700012,260.938477,381.107697
329.482758,266.206909,262.528625,382.197449
328,265,264.427948,383.17984
328,266,266.300018,384.400024
333.000031,260.000031,268.500031,385.500031
326.699982,264.600006,270.573151,386.341461
326.699982,264.600006,272.510315,387.226837
326.699982,264.600006,274.190674,388.050598
326.799988,264.400024,276.010376,388.974823
328,265,278.482758,389.793121
328,265,280.605835,390.583923
328,265,282.715332,391.532837
328,265,285.200012,392.400024
328,265,287.491913,393.151398
328,265,289.86795,393.962219
328,265,292.381744,394.568451
328,265,294.941193,395.235321
328,265,297.576447,395.905914
328,265,300.223541,396.494141
328,265,302.888031,396.893555
328,265,305.743256,397.540588
328,265,308.58078,398.144073
328,265,311.493164,398.315063
328,265,314.328094,398.555115
328,265,316.5,399
328,265,320,399
328,265,323,399
328,265,327,399
328,265,329.5,399
328,265,333,399
328,265,336.475891,399.210388
328,265,339.447968,399.005493
328,265,343.119202,398.882172
328,265,345.571808,398.359741
328,265,348.889282,397.872498
328,265,351.904022,397.472015
328,265,355.058807,396.76474
328,265,358.249237,396.05899
328,265,361.427399,395.352692
328,265,364.51889,394.56604
328,265,367.650024,393.449982
328,264,370.770813,392.433838
328,264,373.650696,391.568512
328,265,376.620728,390.551727
328.100037,265.200043,379.402069,389.154633
328.000031,265.000031,382.332275,387.914398
328.300049,265.100037,384.900055,386.800018
328.200043,264.900055,387.700073,385.400024
328.100037,265.200043,390.527679,384.05191
328.16925,265.046173,393.692352,382.461517
328.16925,265.046173,396.411774,380.852936
328.16925,265.046173,399,379
328.32785,265.393433,401.807678,377.461548
328.250031,264.750031,404.461517,375.692291
328.08197,265.098328,406.940002,373.920013
328.250031,264.750031,409.403198,372.216614
327.750031,265.250031,411.683167,370.168335
328.000031,265.000031,413.983551,368.180328
325,265,416.298401,366.331543
325,265,418.420685,364.322601
325,265,420.500031,362.5
325,265,422.960602,360.462585
328.000031,265.000031,424.830688,358.266785
328.250031,265.250031,426.820648,355.951721
328.000031,265.000031,428.905884,353.776459
328.250031,265.250031,430.786835,351.655701
328.250031,265.250031,432.649475,349.225708
328.250031,265.250031,434.308136,346.951385
331.83783,270.472961,436.110718,344.627533
328.250031,265.250031,437.692261,342.461517
328.250031,265.250031,439.615356,340.076904
328.615387,265.076904,440.955872,337.573517
328.538483,265.307709,442.49234,335.138489
328.600006,265.200012,443.904419,332.67514
328.600006,265.200012,445.242035,330.222931
328.600006,265.200012,446.600067,327.800018
328.600006,265.200012,447.800018,325.399994
328.600006,265.200012,449.310272,322.978119
328.600006,265.300018,450.224121,320.310333
328.600006,265.300018,451.241364,317.896545
329,265.5,452.448242,315.379303
328.399994,265.200012,453.327179,312.809448
328,264,454.22467,310.19693
328.399994,265.200012,455.156738,307.74054
329.5,265,455.871582,305.261475
329.5,265,456.692993,302.651489
329.5,265,457.352966,300.088257
329,265,458.117645,297.470581
329.5,265,458.546509,294.904541
329.5,265,459.027008,292.33783
329,265,459.608124,289.851349
329,265,459.965271,287.225433
329.5,265,460.368561,284.866882
331.049164,262.458984,460.638397,282.435638
331.049164,262.458984,461,279
331.049164,262.458984,461,277
323.600037,258.700012,461,275
323.600037,258.700012,461,272.5
323.600037,258.700012,462,269.5
323.600037,258.700012,462,267
323.600037,258.700012,461,257
323.600037,258.700012,461,254
323.600037,258.700012,461,251.5
323.600037,258.700012,461.368561,257.86969
328,270,461.121948,255.097534
323.600037,258.700012,460.923096,252.384613
328,265,460.830811,250.146179
328,265,460.462372,248.005798
328,265,459.942902,245.666946
328.5,265,459.500031,243.499969
328,265,459.115417,241.076935
328,265,458.67691,238.76683
328.5,265,458.264771,236.558838
328,265,457.597534,234.240707
328,265,457.169769,232.09433
328,265,456.39621,229.886765
328,265,455.798279,227.744583
328,265,455.200043,225.599976
328,265,454.480011,223.360016
328,265,453.620697,221.551727
328,265,452.896576,219.241394
330,270,452.105927,217.376465
330,270,451.257782,215.32988
330,270,450.365814,213.292709
330,270,449.500061,211.499985
330,270,448.500061,209.499985
330,270,447.600067,207.700012
330,270,446.639923,205.71582
330,270,445.751526,203.699142
330,270,444.790192,201.99736
330,270,443.644684,200.025421
330,270,442.67807,198.351929
330,270,441.601135,196.561798
330,270,440.561829,194.898865
330,270,439.392029,193.344009
330,270,438.355682,191.651031
330,270,437.128357,189.979706
332.000031,262.000031,436.080017,188.440018
332.000031,262.000031,435.000061,187.000015
332.000031,262.000031,433.926819,185.658508
332.000031,262.000031,432.878021,184.097549
332.000031,260.000031,431.704895,182.745895
332.000031,260.000031,430.564697,181.158829
331.900024,260.200012,429.40686,180.082779
331.900024,260.200012,428.295624,178.884003
321,267,427.045288,177.549774
321,267,425.865814,176.35466
321,267,425.000061,175.000031
321,267,423.891418,174.113525
321,267,422.419189,172.684891
337,265.000031,421.250061,171.250015
328.430786,261.446167,420.250061,170.250031
328.430786,261.446167,419.171997,169.610855
328.430786,261.446167,418.250061,168.250031
328.430786,261.446167,417.15799,167.398117
328.430786,261.446167,415.894165,166.623535
328.430786,261.446167,414.949738,165.747177
328.430786,261.446167,413.934418,164.778671
327.90567,262.16983,412.756104,163.804886
327.90567,262.16983,411.650024,162.949982
328.43396,262.01889,410.703827,162.380768
327.024414,263.219513,409.560059,161.419998
327.634613,263.826904,408.600037,160.699997
327.634613,263.826904,407.743225,159.959457
328,264,406.778259,159.314072
327.024414,263.219513,405.642029,158.577087
327.634613,263.826904,404.838043,157.734009
327.634613,263.826904,403.999969,156.999985
327.634613,263.826904,403.076874,156.384598
327.884613,270.576935,402.066803,156.007217
330,271,401.391174,155.3853
330,271,400.52475,154.752487
330,271,399.685455,154.37381
331,264,398.852966,153.911789
329,264,398.205872,153.323532
329,264,397.384613,153.07692
329,264,396.584625,152.476913
328.800018,264.400024,395.876923,152.215393
328.800018,264.400024,395.18396,151.768875
329,264,394.4841,151.445847
329,264,393.853546,151.101898
329,264,393.401276,150.764313
328.800018,264.400024,392.759155,150.447266
329,264,392.208282,150.004349
330.5,264,391.607574,149.685394
329,264,390.800018,149.400009
330.5,264,390.399994,149.200012
329,264,389.799988,148.900009
330.5,264,389.399994,148.700012
329,264,388.859558,148.292572
329,264,388.241852,147.996094
329,264,387.851746,147.808853
329,264,387.203979,147.566589
328.800049,264.400024,386.634155,147.292679
328.800049,264.400024,386.215302,147.042511
328.800049,264.400024,385.642334,146.766418
328.800049,264.400024,385.141449,146.526825
328.800049,264.400024,384.715424,146.354523
328.800049,264.400024,384.276642,146.163757
328.800049,264.400024,383.618469,145.877594
328.800049,264.400024,383.143097,145.670898
328.800049,264.400024,382.630188,145.387573
328.800049,264.400024,382.133148,145.180481
328.800049,264.400024,381.600586,144.958588
328.800049,264.400024,381.069,144.827591
328.800049,264.400024,380.379303,144.551727
328.800049,264.400024,380.070618,144.317657
328.800049,264.400024,379.565674,144.122192
328.800049,264.400024,379.038666,143.89949
328.800049,264.400024,378.502563,143.693298
328.800049,264.400024,378.033508,143.512894
328.800049,264.400024,377.644348,143.324738
328.800049,264.400024,377,143
329.235992,264.522522,376.565613,142.91629
328.800049,264.400024,376.11673,142.678818
328.800049,264.400024,375.552032,142.554291
328.800049,264.400024,375.083069,142.264618
329.235992,264.522522,374.453644,142.070831
329.235992,264.522522,374.026978,141.922424
329.235992,264.522522,373.549988,141.850006
329.235992,264.522522,373,141.500015
329.376434,264.297791,372.449982,141.149994
329.235992,264.522522,371.849976,140.949997
329.376434,264.297791,371.231842,140.881241
329.235992,264.522522,370.744568,140.798248
329.461548,264.307648,370.16626,140.473557
328,264,369.589203,140.335144
329.376434,264.297791,368.944977,140.183502
329.376434,264.297791,368.394531,140.018372
328,264,367.660583,139.798187
328,264,367.018829,139.43396
328,264,366.32074,139.37735
328.5849,264.45282,365.684662,139.182587
328.5849,264.45282,364.875549,138.966827
328,264,364.277863,138.768127
328,264,363.500031,138.5
328,264,362.771667,138.375214
328.5849,264.45282,362.088287,138.147064
328,264,361.34549,138.002808
328,264,360.469086,137.800568
328,264,359.776489,137.50589
328,264,359.035309,137.341187
328,264,358.082367,137.12941
328.67926,264.62265,357.313049,137.013275
328.67926,264.62265,356.596802,136.915131
328,264,355.673065,136.634613
328,265,354.903992,136.528
328,264,354.231995,136.223999
328,264,353.297302,136.216217
328,264,352.486511,136.081085
328,265,351.51355,135.918915
328,265,350.706696,135.833084
328,265,349.810822,135.635132
328,264.5,349.009979,135.429977
328,265,348.292572,135.305679
328,265,347.16922,135.146164
328,264.5,346.51535,135.119446
328,265,345.335358,134.981705
328,265,344.641144,134.909592
328,265,343.490417,134.841095
328,265,342.767334,134.826736
328,265,342,135
328,265,340.858643,134.696564
328,265,340,135
329,265,339,135
329,265,338,135
329,265,337,135
329,265,336,134
329,265,335,134
329,265,333.999969,134
329,265,333,134
329,265,331.999969,134
329,265,331,134
329,265,330,134
329,265,329,134
329,265,328,134
329,265,327,134
323.700012,258.900024,326,134
323.700012,258.900024,324.999969,134
323.700012,258.900024,323.5,134
323.700012,258.900024,323,133
323.700012,258.900024,321.962524,133.881088
323.700012,258.900024,320.694702,133.920364
323.700012,258.900024,319.959381,133.931473
323.700012,258.900024,318.458801,133.964706
323.700012,258.900024,317.793152,134.017258
323.700012,258.900024,316.151672,134.168045
323.700012,258.900024,315.286652,134.436859
323.700012,258.900024,314.138489,134.607697
323.700012,258.900024,313.030609,134.729263
323.700012,258.900024,311.97998,134.860016
323.600006,258.800018,310.624268,135.0578
328,265,309.608124,135.148651
328,265,308.333984,135.420181
328,264.5,307.184021,135.511993
328.276978,264.215424,305.855591,135.741806
328.276978,264.215424,304.568939,135.986877
328,264,303.442322,136.211533
328,264,302.10614,136.503983
328.441193,264.26474,300.74118,136.835297
328.509399,264.283051,299.429504,137.075394
328.509399,264.283051,297.970581,137.382355
328.750031,263.250031,296.589233,137.709549
328.47168,264.15094,295.10791,137.904572
328.750031,263.250031,293.67926,138.37735
328.629272,261.063416,292.353241,138.844025
328.379974,261.339996,290.839478,139.298157
328,262,289.400574,139.751816
328,262,287.850037,140.050018
328,262,286.153839,140.730774
328,262,284.57666,141.335785
328,262,282.952515,141.875259
328,262,281.260254,142.527405
328,262,279.413788,143.03447
328,262.5,277.710052,143.704147
328,262.5,276.02063,144.546417
328,262.5,274.141449,145.47316
328,262.5,272.100006,146.200012
328.300018,264.100006,270.500031,147
328.100037,264.200012,268.500031,148
328,263,266.573242,149.050949
328,263,264.509552,150.267517
328,262.5,262.52829,151.15094
328.000031,264.000031,260.338226,152.397064
328,263,258.498993,153.7901
328,263,256.153809,155.230759
328,263,254.153839,156.230759
328,263,251.997421,157.871323
328,263,249.800018,159.400024
328,263,247.682205,161.051666
328.25,264.25,245.534668,162.653473
328,264,243.239059,164.37764
328.25,264.25,241.309753,166.353973
328,264,238.929886,167.972839
328,264,236.750015,169.75
328,264,234.750015,171.75
328,264,232.500015,174
328,264,230.776291,176.248627
328,264,228.777176,178.306229
328,264,226.721634,180.623688
328,264,224.908569,182.95018
328,264,223.279999,185.459991
328.250031,264.250031,221.194595,187.732437
328.016388,264.180298,219.494263,190.03949
327.5,263,217.887634,192.488068
328,263,216.233658,194.963364
328.256775,262.459473,214.660675,197.476883
328,262,212.984619,200.276917
328,262,211.705887,202.676468
328,262,210.100037,205.300018
327.619965,261.339996,208.700027,208.100006
327.619965,261.339996,207.507278,210.734146
328.300049,263.100006,206.270569,213.482346
328.300049,263.100006,204.862061,216.344818
328,264,203.905106,219.010941
328,264,202.850021,221.950012
328,264,201.699997,224.900009
327.699982,264.400024,200.94342,227.69812
327.879303,264.551727,200.132797,230.502106
327.879303,264.551727,199.264709,233.441193
327.649994,264.550018,198.588211,236.352936
327.649994,264.550018,197.865387,239.173096
327.5,265,197.424011,242.167999
327.5,265,196.880524,245.056366
327.5,265,196.440002,247.919968
327.5,265,196.004944,250.950516
328,265,195.627045,253.602478
328,265,195.179825,256.925171
328,265,195,259
328,265,195,263
328,265,195,265
328,265,195,269
328,265,195,271.5
328,265,195,274.5
328,265,195.645462,277.068359
328,265,195.806747,279.970825
327.5,265,196.115402,282.923096
327.5,265,196.439301,285.855499
327.5,265,196.864868,288.689178
327.5,265,197.467514,291.592926
327.88678,264.60379,197.835312,294.25882
327.7547,264.64151,198.529419,297.117676
327.7547,264.64151,199.311234,299.917023
327.750031,264.750031,200.100922,302.669739
328,264,200.911819,305.554138
327.862061,264.655182,201.711472,308.241821
327.400024,264.800018,202.623291,310.828735
326.600006,265.200012,203.620682,313.551727
326.600006,265.200012,204.724136,316.310333
326.800018,265.100006,205.783524,318.762909
326.800018,265.100006,206.917847,321.450439
326.800049,265.600037,208.000031,324
328.000031,265.000031,209.000015,326.500031
327,264.000031,210.723083,329.015381
327.200012,263.600037,211.969254,331.446167
327.200012,263.600037,213.308838,334.014679
327,264.000031,214.88765,336.320251
327.200012,263.600037,216.153839,338.730743
327.200012,263.600037,217.769211,341.153839
327.500031,264.500031,219.512711,343.226318
327.84613,264.769196,221.078094,345.40152
331.32309,259.584625,222.738449,347.592316
331.32309,259.584625,224.524551,349.729492
326,265,226.188232,352.052948
326,265,228.278763,353.818604
326,265,230.000046,356.000031
326,265,232.000031,358.000031
326,265,234.000031,360.000031
325.01889,264.43396,235.750031,361.750031
325.459991,264.779999,237.46965,363.922668
325.01889,264.43396,239.508209,365.590179
328.000031,265.000031,241.631134,367.442627
327.750031,265.250031,243.585388,369.268311
327.750031,265.250031,245.76001,370.820038
327.750031,265.250031,247.780029,372.459991
327.750031,265.250031,249.966202,374.047302
328.965515,266.413818,252.038467,375.692322
329.600006,265.700012,254.461533,377.307648
328.965515,266.413818,256.638245,378.49704
328.965515,266.413818,258.886902,379.99231
328.965515,266.413818,261.261566,381.292297
328,266,263.369415,382.656036
328,266,265.700043,384.100037
328,266,268.300018,385.399994
328,265,270.914062,386.530518
326.699982,264.600006,272.904846,387.398102
328,265,275.028259,388.432953
328,265,277.450989,389.327332
328,265,279.802216,390.334167
328,265,282.15387,391.230774
328,265,284.600006,392.200012
328,265,286.951324,392.908081
328,265,289.509399,393.716949
328,265,291.88382,394.435669
328,265,294.235321,395.058868
328,265,296.773743,395.711456
328,265,299.164703,396.25882
328,265,301.615387,396.923096
328,265,304.135132,397.189178
328,265,306.635162,397.689209
328,265,308.986359,398.116058
328,265,311.243927,398.304871
328,265,313.802032,398.480225
328,265,316.202637,398.6698
328,265,318,399
328,265,320.5,399
328,265,323.5,399
328,265,326.5,399
328,265,329,399
330,260,331,399
320,410,340.5,399
328,265,335.182892,399.426086
328,265,337.579803,399.087646
328,265,340.622498,399.03595
328,265,343.067108,398.887695
328,265,344.846985,398.467102
328,265,347.013519,398.081116
328,265,349.322144,397.825531
328,265,351.554718,397.458466
328,265,353.788422,396.942322
328,265,356.011749,396.552917
328,265,358.026245,396.11145
328,265,360.323547,395.794159
328,265,362.207703,395.261536
328,265,364.32077,394.622589
328,265,366.189178,393.864868
328,265,368.25,393.25
328,265,370.288544,392.75824
328,265,372.299286,392.072968
328,265,374.158478,391.415863
328.241364,265.103455,376.275879,390.689667
328.241364,265.103455,377.952271,389.89032
328.100037,265.200043,379.773193,388.989685
328.100037,265.200043,381.711334,388.350525
328.100037,265.200043,383.326813,387.541443
328.000031,265.000031,385.100067,386.700043
328.300049,265.100037,386.700043,385.900055
328.100037,265.200043,388.068329,385.279846
328.100037,265.200043,389.716888,384.41217
328.100037,265.200043,391.461945,383.553619
328.100037,265.200043,393.415436,382.476929
328.100037,265.200043,394.938446,381.892303
328.100037,265.200043,396.338226,380.897064
328.100037,265.200043,397.90979,379.978516
328.32785,265.393433,399.230774,378.84613
328.32785,265.393433,400.384613,378.076904
328.32785,265.393433,401.923065,377.384613
328,264.999969,402.976532,376.466461
328,264.999969,404.230743,375.846161
328,264.999969,405.577423,375.024231
327.750031,265.250031,406.540009,374.220001
327.750031,265.250031,407.880035,373.340057
328.250031,265.250031,408.692963,372.472015
328.250031,264.750031,409.754669,371.881042
327.750031,265.250031,410.490112,371.09903
327.750031,265.250031,411.465363,370.346588
328.000031,265.000031,412.33667,369.633698
328.000031,265.000031,413.147491,368.877014
328.000031,265.000031,413.934418,368.221283
328.000031,265.000031,414.694122,367.976471
328.000031,265.000031,415.248657,367.276276
328.000031,265.000031,415.856415,366.729309
328.000031,265.000031,416.420837,366.162903
328.000031,265.000031,416.968353,365.665192
328.000031,265.000031,417.461578,365.307678
325,265,418.257904,364.583679
325,265,418.484924,364.347168
325,265,419.02832,363.84906
325,265,419.340149,363.414612
325,265,419.538452,362.963013
325,265,420.250031,362.25
325,265,420.750031,362.25
325,265,421.250031,361.75
325,265,421.500031,361.5
325.200378,265.206238,421.500031,361
328.000031,265.000031,422.407043,361.002136
328.000031,265.000031,422.608063,360.634216
325,265,423.02301,360.396851
328.000031,265.000031,423.634735,359.752991
328.000031,265.000031,423.709625,359.674164
328.000031,265.000031,424.373901,359.0802
328.000031,265.000031,424.504822,358.619781
328.250031,265.250031,424.581482,358.536743
328.000031,265.000031,425.19809,357.952087
328.000031,265.000031,425.466461,357.661346
328.000031,265.000031,425.630157,357.494354
328.000031,265.000031,426.128296,356.950928
328.000031,265.000031,426.418854,356.633972
328.250031,265.250031,426.671692,356.449066
328.000031,265.000031,427.041321,355.703461
328.000031,265.000031,427.206848,355.517273
328.250031,265.250031,427.455139,355.237915
328.250031,265.250031,427.889374,354.840698
328.250031,265.250031,428.202362,354.567261
328.250031,265.250031,428.470581,354.117615
328.000031,265.000031,428.894135,353.623505
328.250031,265.250031,429.176453,353.294128
328.250031,265.250031,429.417664,352.929413
328.250031,265.250031,429.819702,352.516357
328.000031,265.000031,430.24585,352.204895
328.250031,265.250031,430.784637,351.596527
328.250031,265.250031,431.121948,351.097595
328.250031,265.250031,431.426208,350.688538
328.250031,265.250031,431.902466,350.121948
328.250031,265.250031,432.291901,349.793732
328.250031,265.250031,432.735077,349.227448
328.250031,265.250031,433.103149,348.645966
328.250031,265.250031,433.365387,348.173035
328.250031,265.250031,433.832458,347.605408
328.250031,265.250031,434.308136,346.951355
328.250031,265.250031,434.697327,346.416229
328.250031,265.250031,435.145966,345.924316
328.250031,265.250031,435.716217,345.297272
328.250031,265.250031,436.238251,344.516785
328.250031,265.250031,436.55542,343.951599
331.83783,270.472961,437.190033,343.170013
328.250031,265.250031,437.307678,342.538452
328.250031,265.250031,438.076904,342.384583
328.250031,265.250031,438.692291,341.461517
328.250031,265.250031,439.307709,340.538483
328.250031,265.250031,439.615356,340.076904
328.250031,265.250031,440.002228,339.12146
328.250031,265.250031,440.49704,338.361755
328.615387,265.076904,440.887634,337.67981
327.750031,265.750031,441.494385,336.80899
328.615387,265.076904,441.749969,336.25
328.538483,265.307709,442.266083,335.317627
328.600006,265.200012,442.800018,334.600006
328.538483,265.307709,443.230804,333.846161
328.538483,265.307709,443.66156,333.092316
328.538483,265.307709,444.018372,332.394531
328.538483,265.307709,444.467896,331.559662
328.600006,265.200012,444.904419,330.67514
328.600006,265.200012,445.433105,329.87262
328.761566,265.292297,445.700073,329.100006
328.600006,265.200012,446.407776,328.425171
328.600006,265.200012,446.700073,327.600006
328.600006,265.200012,447.299988,326.899994
328.600006,265.200012,447.700012,326.099976
328.600006,265.200012,448.000031,325
328.600006,265.200012,448.391907,324.377075
328.600006,265.300018,448.844177,323.456116
328.600006,265.200012,449.365814,322.707275
328.600006,265.200012,449.628906,321.835052
328.600006,265.200012,449.963409,320.9841
328.600006,265.300018,450.474091,320.060333
328.600006,265.300018,450.836151,319.215515
328.800018,265.400024,451.034485,318.413788
328.800018,265.400024,451.448273,317.379303
328.800018,265.400024,452.034454,316.413788
329.338257,265.602936,452.379303,315.551697
329,265.5,452.643616,314.435669
328,264,452.90509,313.510956
328,264,453.382812,312.524445
328.529419,265.382385,453.666107,311.709961
328.911804,265.352966,454.095428,310.56308
328.5,265,454.350006,309.449982
328.5,265,454.768219,308.400482
328.5,265,455.199982,307.600006
328.5,265,455.486267,306.545898
328.5,265,455.802765,305.490814
329.5,265,456.188721,304.3396
329.5,265,456.510406,303.336121
329,265,456.792603,302.278015
329.5,265,456.97464,301.348328
329.5,265,457.205933,300.176514
329.5,265,457.600006,299.199982
329.5,265,457.788239,297.952911
329.5,265,458.12439,296.919525
329,265,458.470581,295.882355
329.5,265,458.519257,294.90387
329,265,458.768005,293.776001
329,265,458.959595,292.732117
329.5,265,459.432007,291.623993
329.5,265,459.513519,290.418945
329,265,459.638092,289.262085
329.5,265,459.80658,288.209045
329.5,265,460.051971,287.161835
329.5,265,460.450836,286.069336
329.5,265,460.361725,284.924927
331.049164,262.458984,460.549469,283.829346
331.24588,262.295044,460.634155,282.792664
331.049164,262.458984,460.707916,281.420776
323.600037,270.700012,460.762329,280.614777
331.049164,262.458984,461,279
331.049164,262.458984,461,279
323.600037,270.700012,461,277
331.049164,262.458984,461,276
331.049164,262.458984,461,275
323.600037,258.700012,461,273
323.600037,258.700012,461,273
323.600037,258.700012,461,271
323.600037,258.700012,461,270
323.600037,258.700012,462,269
323.600037,258.700012,462,267.5
323.600037,258.700012,462,259.5
323.600037,258.700012,461,257.5
323.600037,258.700012,461,256.5
323.600037,258.700012,461,254.5
323.600037,258.700012,461,253
323.600037,258.700012,461,252
323.600037,258.700012,461,250.5
323.600037,258.700012,461.306915,257.569336
323.600037,258.700012,461.529236,255.966919
323.600037,258.700012,461.146332,254.317078
323.600037,258.700012,461.020508,253.174057
328,265,460.786041,251.895218
328.5,265,460.600006,250.199982
328.5,265,460.393036,248.554901
328.5,265,460.189209,247.135132
328,265,459.886597,245.505173
328.5,265,459.554108,243.82431
328.5,265,459.326935,242.134613
328.5,265,458.964691,240.341187
328,265,458.577026,238.452454
328,265,458.264771,236.558838
328,265,457.680511,234.55188
328,265,457.15094,232.528305
328,265,456.67923,230.37738
328,265,455.994934,228.317352
328,265,455.300018,225.900009
328,264,454.423309,223.664215
328,265,453.719147,221.417816
328,265,452.758636,218.896561
329.222931,262.757935,451.70105,216.577301
328.700043,264.900024,450.773193,213.989716
330,270,449.500061,211.499985
328.600006,264.700012,448.200073,208.899994
330,270,446.965271,206.334045
330,270,445.859802,203.576447
330,270,444.321259,200.979279
330,270,442.617676,198.529419
330,270,441.039368,195.662933
330,270,439.266052,193.162018
330,270,437.331055,190.263504
332.000031,262.000031,435.659973,187.87999
335.000031,269,433.634155,185.292679
332.000031,260.000031,431.636139,182.888611
332.000031,262.000031,429.849548,180.256653
332.000031,260.000031,427.425446,177.91716
321.000031,267.000031,425.230011,175.749191
321,267,423.250031,173.249985
328.430786,261.446167,420.595032,170.995468
328.430786,261.446167,418.500061,168.500031
326.655182,260.862091,415.97644,166.694107
328.430786,261.446167,413.540985,164.450821
326.84613,261.769196,410.885712,162.562714
326.84613,261.769196,408.497314,160.68222
327.634613,263.826904,405.851379,158.608124
327.634613,263.826904,403.147552,156.894424
328,264,400.537659,155.023758
331,264,397.926453,153.455856
330.5,264,395.254761,151.866211
329,264,392.504608,150.348633
329,264,389.799988,148.900009
330.5,264,386.951233,147.439011
328.800049,264.400024,384.182831,146.079498
328.800049,264.400024,381.413788,144.965515
328.800049,264.400024,378.502594,143.693298
328.800049,264.400024,375.678741,142.599548
329.376434,264.297791,372.830322,141.525909
328.900024,264.200012,369.940552,140.443253
328,264,366.972504,139.591751
328.5849,264.45282,364.196472,138.746902
328.45285,264.4151,361.122559,137.98941
328.71701,264.49057,358.259949,137.265274
328.67926,264.62265,355.240021,136.679993
328,265,352.486481,136.081085
328,265,349.369934,135.595367
328,265,346.689392,135.139923
328,265,343,135
328,265,340.767365,134.67543
340,146,337,135
329,265,335,134
323.000031,259.000031,331.5,134
323.700012,258.900024,329,134
323.700012,258.900024,325.5,134
323.700012,258.900024,323,134
323.700012,258.900024,320.014832,133.964508
323.700012,258.900024,317.230774,134.153854
323.700012,258.900024,314.269257,134.653854
323.700012,258.900024,311.699982,134.899994
329,264,308.729767,135.378372
329,264,305.901703,135.861267
328.378387,263.770294,303.057678,136.288467
328,260,300.317657,136.929398
328,260,297.5,137.5
327.842651,260.296967,294.64151,138.24527
327.842651,260.296967,292.032135,138.940353
327.842651,260.296967,289.291718,139.786652
327.842651,260.296967,286.650024,140.450012
327.840118,260.261414,284.09491,141.510956
327.840118,260.261414,281.310364,142.275848
327.200012,261.900024,278.763275,143.431961
327.100037,262.200012,276.113434,144.505157
327.100037,262.200012,273.630341,145.526917
327.783783,262.202698,271.200043,146.899994
327.770294,262.621643,268.500031,148
328.100037,264.200012,266.062103,149.325211
328,263,263.646149,150.630798
328.000031,264.000031,261.338226,151.897049
327.411804,263.647064,258.887634,153.320221
327.411804,263.647064,256.461517,154.692307
328,263,254.269196,156.153824
328,263,251.938889,157.804016
328,263,249.761139,159.467712
328,263,247.563202,161.182144
328.500031,264.500031,245.524582,162.729507
328,264,243.352905,164.411743
328,264,241.247803,166.283188
328.400024,263.800018,239.079178,167.837097
328,264,237.000015,169.5
328,264,235.000015,171.5
328,264,233.5,173.500015
328,264,231.500031,175.500015
328,264,229.61377,177.434464
328.311462,264.426208,227.823532,179.205887
328,263,226.048798,181.439026
328,264,224.539291,183.422028
327.338257,262.897034,222.852234,185.50647
327.400024,262.200012,221.185455,187.853546
327.300018,261.900024,219.657318,189.805084
328,263,218,192
327.300018,261.900024,216.461502,194.307678
327.619965,261.339996,215.163071,196.484985
327.619965,261.339996,213.784622,198.876907
327.619965,261.339996,212.49678,201.089172
328,262,211.252594,203.401382
327.619965,261.339996,209.900024,205.700012
327.619965,261.339996,208.800034,207.900009
327.619965,261.339996,207.722382,210.339951
328.300049,263.100006,206.62822,212.632935
328.300049,263.100006,205.586212,215.034485
328.250031,263.250031,204.608154,217.42897
328.250031,263.250031,203.598557,219.854019
328.147064,263.411804,202.800034,222.100006
328.029449,263.382385,201.850021,224.449997
327.879303,264.551727,201.297318,226.783768
327.71701,264.49057,200.56604,229.018875
327.850067,264.450012,199.883835,231.435715
327.879303,264.551727,199.283615,233.705109
327.649994,264.550018,198.658798,236.035294
327.649994,264.550018,198.007965,238.212234
327.5,265,197.694077,240.747253
327.5,265,197.246506,242.959457
327.5,265,196.869797,245.128845
327.5,265,196.520004,247.35997
327.5,265,196.245056,249.72345
328,265,195.885406,251.703369
328,265,195.516403,254.319702
328,265,195,257
328,265,195,259
328,265,195,261
328,265,195,263
328,265,195,265
328,265,195,267
328,265,195,269
328,265,195,271
328,265,195,273
328,265,195.51709,275.480225
328,265,195.64917,277.465271
328,265,195.752838,279.404541
328,265,195.923294,281.27124
328,265,196.207733,283.16156
328,265,196.379959,285.159973
327.5,265,196.601135,286.907501
328,265,196.884399,288.585327
328,265,197.230774,290.153839
328,264,197.554413,291.883331
328,265,197.776489,293.49411
328,265,198.147064,295.088257
328,265,198.352936,296.411774
328,264,198.726807,297.941437
328,264,199.145248,299.294617
328,264,199.523071,300.584656
327.88678,264.60379,199.79245,301.77359
327.862061,264.655182,200.232407,303.005432
328,264,200.578369,304.129761
328,264,200.840363,305.251068
327.689636,264.724152,201.100006,306.299988
327.400024,264.800018,201.450012,307.349976
328,264,201.806595,308.239136
326.600006,265.200012,202.107712,309.138458
327.689636,264.724152,202.42157,310.02771
326.600006,265.200012,202.664398,310.938354
326.600006,265.200012,202.931503,311.650696
326.600006,265.200012,203.239746,312.472595
326.600006,265.200012,203.482758,313.206879
326.600006,265.200012,203.758636,313.896545
326.600006,265.200012,204.03447,314.586182
326.600006,265.200012,204.241379,315.103455
326.600006,265.200012,204.517227,315.793091
326.600006,265.200012,204.703522,316.545868
326.600006,265.200012,205.017242,317.206909
326.600006,265.200012,205.275848,317.810364
325.440002,264.579987,205.618561,318.391754
326.800018,265.100006,205.865997,318.948456
326.800018,265.100006,206.154648,319.597931
326.800018,265.100006,206.20137,320.231628
326.800049,265.600037,206.636871,320.936157
325.440002,264.579987,206.966003,321.427795
325.440002,264.579987,207.229233,322.081329
325.299988,264.599976,207.474655,322.572174
330.999969,271.000031,207.700012,323.399994
333.000031,270,208.000031,324
325.440002,264.579987,208.300049,324.600006
325.299988,264.599976,208.600037,325.200012
325.440002,264.579987,208.90004,325.800018
326.800049,263.400024,209.000031,326.500061
326.800049,263.400024,209.547043,327.197845
325.369995,264.589966,209.977066,327.743134
330.999969,271.000031,210.384079,328.595154
327.200012,263.600037,210.681519,329.082794
327.200012,263.600037,210.984634,329.723083
327.200012,263.600037,211.292328,330.261536
327.200012,263.600037,211.66156,330.907684
327.200012,263.600037,212.092316,331.66156
327.200012,263.600037,212.476685,332.38858
327.200012,263.600037,212.748688,332.854919
327.200012,263.600037,213.220581,333.367615
327.200012,263.600037,213.649658,333.99585
327,264.000031,213.911743,334.852966
327.200012,263.600037,214.372406,335.468964
327.200012,263.600037,214.663437,336.161377
327.200012,263.600037,215.120789,336.60791
327.200012,263.600037,215.567642,337.320557
327.200012,263.600037,215.769211,338.153809
327.200012,263.600037,216.307678,338.461517
327.200012,263.600037,216.692291,339.538422
327.200012,263.600037,217,339.999969
327.200012,263.600037,217.615372,340.923065
327.200012,263.600037,217.92308,341.384583
327.200012,263.600037,218.678986,341.788513
327.200012,263.600037,219.021667,342.593628
327.500031,264.500031,219.37291,343.353424
327.500031,264.500031,219.797119,343.938965
327.500031,264.500031,220.446091,344.579926
327.200012,263.600037,220.740005,345.320007
327.200012,263.600037,221.309906,345.906738
327.200012,263.600037,221.810394,346.453552
327.500031,264.500031,222.188446,347.242279
331.32309,259.584625,222.900009,347.700012
331.32309,259.584625,223.268295,348.585358
331.32309,259.584625,223.950775,349.040955
331.32309,259.584625,224.270462,349.524597
328,257,224.818939,350.422424
329.200043,257.600037,225.278687,350.934418
329.200043,257.600037,226.082733,351.506866
329.200043,257.600037,226.336288,351.95578
329.200043,257.600037,227.068954,352.827606
329.200043,257.600037,227.769928,353.451324
329.200043,257.600037,228.112335,353.967133
329.200043,257.600037,228.662338,354.845459
329.200043,257.600037,229.079666,355.257019
329.200043,257.600037,229.715393,355.876923
326,265,229.977676,356.136841
329.200043,257.600037,231.000046,357.000031
329.100067,257.800018,231.500046,357.500031
329.100067,257.800018,232.000015,358
329.100067,257.800018,232.75,358.75
329.200043,257.600037,233,359
329.100067,257.800018,234,360
325.01889,264.43396,234.25,360.25
325.01889,264.43396,235.000031,361.000031
325.01889,264.43396,235.500031,361.500031
325.01889,264.43396,235.709442,362.316956
325.01889,264.43396,236.147034,362.588226
325.05661,264.30191,236.893646,363.266937
334.5,267,237.399994,363.799988
325.01889,264.43396,238.023529,364.305908
325.01889,264.43396,238.628342,364.924774
325.459991,264.779999,239.294083,365.323517
328.000031,265.000031,240,366
334.5,267,240.581955,366.401642
334.5,267,241.152954,366.988251
334.5,267,241.680313,367.483582
328.000031,265.000031,242.368851,368.057404
328.000031,265.000031,243.073212,368.658569
328.000031,265.000031,243.585342,369.268311
327.750031,265.250031,244.453873,369.630768
335,267,244.899597,370.230469
335,267,245.550171,370.884735
327.750031,265.250031,246.180008,371.259979
327.750031,265.250031,246.820023,371.740021
328.000031,265.000031,247.62001,372.339996
331.000031,259.000031,248.216232,372.797333
327.750031,265.250031,249.067566,373.405426
328.250031,264.750031,249.777023,373.91217
327.724121,263.310364,250.627533,374.389282
331.000031,259.000031,251.226013,375.118042
328.965515,266.413818,251.92308,375.615356
331.000031,259.000031,252.846146,376.230743
321.400024,263.199982,253.769226,376.846161
328.250031,264.750031,254.461502,377.307709
328.965515,266.413818,255.411743,377.852966
328.965515,266.413818,256.167603,378.379395
328.965515,266.413818,257.011749,379.052948
328.965515,266.413818,258,379.499969
329.600006,265.700012,258.911774,380.147064
329.5,266,259.867676,380.720612
329.482758,266.206909,260.938477,381.107697
328,266,261.700104,381.73111
328.500031,264.500031,262.6604,382.31131
329.482758,266.206909,263.61145,382.878998
328,265,264.598816,383.268982
333.000031,260.000031,265.579315,383.815125
326.699982,264.600006,266.5,384.500031
328,265,267.500031,385.000031
328,265,268.900024,385.700043
326.799988,264.400024,270.001312,386.080658
326.066315,263.259674,271.108154,386.622955
326.699982,264.600006,272.046417,387.02066
326.799988,264.400024,272.92157,387.405457
326.699982,264.600006,273.882507,387.919861
328,265,274.894104,388.376495
326.699982,264.600006,276.103455,388.741394
326.699982,264.600006,277.103455,389.241364
328,265,278.322113,389.662354
328,265,279.304077,390.309265
328,265,280.408997,390.595917
328,265,281.701538,391.012299
328,265,282.833832,391.470764
328,265,284,392.000031
328,265,285.200012,392.400024
328,265,286.529724,392.778351
328,265,287.715637,393.114685
328,265,289,393.5
328,265,290.39621,394.113159
328,265,291.634857,394.369293
328,265,293.058838,394.76474
328,265,294.470612,395.117676
328,265,295.770508,395.475372
328,265,297.152893,395.811798
328,265,298.635284,396.141174
328,265,300.117676,396.470612
328,265,301.442322,396.788483
328,265,303.013489,396.918884
328,265,304.455536,397.152863
328,265,305.905426,397.567596
328,265,307.478943,397.756653
328,265,309,398
328,265,310.853638,398.317078
328,265,312.378052,398.408234
328,265,314.139343,398.537109
328,265,315.767334,398.675415
328,265,316.5,399
328,265,318.5,399
328,265,320.5,399
328,265,323,399
328,265,325,399
328,265,327,399
328,265,329.5,399
328,265,332.5,399
328,265,334.554504,399.371643
328,265,337,400
328,265,339.234283,398.975342
328,265,341.762787,398.733795
328,265,344.266357,398.497803
328,265,346.466492,398.165375
328,265,349.236603,397.840637
328,265,351.983032,397.409424
328,265,354.766571,396.891296
328,265,357.580353,396.21637
328,265,360.441223,395.764771
328,265,363.39624,394.886749
328,265,366.161926,393.918152
328,265,369.201538,393.016876
328,264,372.162872,391.939728
328,264,375.06897,391.172424
328.241364,265.103455,378.189972,389.786987
328.100037,265.200043,381.02063,388.546417
328.100037,265.200043,384.049347,387.177063
328.300049,265.100037,386.500031,386
328.100037,265.200043,389.469635,384.542297
328.100037,265.200043,392.715393,382.876953
328.100037,265.200043,395.602936,381.338226
328.153839,265.230743,398.317657,379.570557
328.32785,265.393433,401.230743,377.84613
328.250031,264.750031,403.815491,375.879211
328.250031,264.750031,406.380005,374.339996
328.250031,264.750031,408.987061,372.295563
328.000031,265.000031,411.519836,370.302002
328.000031,265.000031,414.032776,368.139343
325,265,416.381256,366.256927
325,265,418.809418,363.882996
325,265,421.250031,361.75
325,265,423.67215,359.713562
328.000031,265.000031,425.796204,357.313232
328.250031,265.250031,427.675842,354.989655
328.250031,265.250031,429.876984,352.647552
328.250031,265.250031,431.926849,350.341522
328.250031,265.250031,433.659485,347.843262
328.250031,265.250031,435.518951,345.286499
328.250031,265.250031,437.153839,342.769226
328.250031,265.250031,439.384613,340.423096
328.538483,265.307709,440.769714,337.668579
328.538483,265.307709,442.400024,335.300018
328.600006,265.200012,443.82077,332.62265
328.600006,265.200012,445.200073,330.100067
328.600006,265.200012,446.800018,327.399994
328.600006,265.200012,448.170105,324.842896
328.600006,265.200012,449.463928,322.206238
328.800018,265.400024,450.706848,319.517212
328.800018,265.400024,451.827576,316.93103
328.600006,265.300018,452.849304,314.068512
328,264,453.700012,311.399994
328,264,454.831299,308.622986
328.702698,265.783783,455.678925,305.903717
329.5,265,456.54361,303.211609
329,265,457.117676,300.529419
329.5,265,457.941162,297.764679
329.5,265,458.546509,294.904541
329.5,265,459.231995,292.22403
329,265,459.619385,289.379089
329,265,460.109802,286.786133
329,265,460.522186,284.061432
331.049164,262.458984,460.694397,281.209015
331.049164,262.458984,460.8638,278.815521
323.600037,258.700012,461,275
323.600037,258.700012,461,273
323.600037,258.700012,461,271
323.600037,258.700012,462,267.5
323.600037,258.700012,461,257
323.600037,258.700012,461,254.5
328,270,461,251.5
323.600037,258.700012,461.283173,256.973022
323.600037,258.700012,461.020508,254.174057
323.600037,258.700012,460.993896,251.945099
328,270,460.445068,249.393051
328,265,460,246.5
328.5,265,459.594635,244.067551
328,265,459.211578,241.557709
328,265,458.658813,238.964706
328.5,265,458.264771,236.558838
328,265,457.542328,233.988464
328,265,457.018829,231.56604
328,265,456.254059,229.075668
328,265,455.500061,226.5
328,265,454.656891,224.30658
328,265,453.883575,221.856201
329.686523,262.681091,453.034485,219.586197
329.100037,264.700043,452.164673,217.14119
329.000031,264.500031,451.144318,214.824768
330,270,450.07312,212.658524
330,270,448.900055,210.300003
330,270,447.900055,208.300003
330,270,446.792419,206.110733
330,270,445.917145,203.681549
330,270,444.692322,201.461548
330,270,443.211182,199.356384
330,270,442.089905,197.443817
330,270,440.814606,195.30336
330,270,439.536041,193.552032
332.000031,262.000031,438.097321,191.281891
332.000031,262.000031,436.740051,189.319992
335.000031,269,435.420044,187.559982
329,258,433.926819,185.658508
335.000031,269,432.585419,183.731735
332.000031,260.000031,430.967834,182.071777
332.000031,260.000031,429.663727,180.044266
329,271,428.062042,177.944809
328.500031,263.500031,426.348907,175.202927
331.400024,256.200043,425.000061,173.000015
331,262,423.75,170.75
331,262,421.75,168.75
331.400024,256.200043,420.009125,168.190033
321.000031,265.000031,418.519379,166.867416
337.000031,263.000031,416.94693,165.703537
329.000031,263.000031,415.411804,164.352966
330.240021,269.320038,413.606567,163.172119
328.500031,263.500031,411.955475,161.834717
327.335297,257.25882,410.200012,160.400024
329,270,408.340546,159.156738
329,269,406.831085,157.736481
329,269,405.076904,156.384613
329,269,403.230743,155.153839
329,269,401.384583,153.923065
329,269,399.640472,153.275299
329,269,397.886902,151.992294
329,269,396.123077,150.784607
328.019257,262.90387,394.307709,149.461548
328.352936,262.588257,392.429047,148.695511
328.019257,262.90387,390.600006,147.800003
328,263,389.000031,147.000015
328,263,387.100006,145.800018
330,262,385.229248,144.336578
328.800018,261.400024,383.25,142.750015
328,260.5,381.404755,141.538834
328,261,379.551758,140.620682
327.916229,259.827393,377.722809,140.227737
328.794159,261.823547,375.856171,139.88356
328.758636,262.103455,373.949982,139.650009
328,262,372.049988,139.350006
328,263,370.210815,139.06488
328.5,263,368.412842,138.623856
328.5,262.5,366.660339,138.18866
328,263,364.709595,137.589233
328.5,262.5,362.852966,137.088242
328,263,361.004578,136.481094
328,263,359.129425,135.917648
328,263,357.287354,135.611176
321.84613,266.769226,355.442291,135.288467
321.84613,266.769226,353.807465,135.010956
328,263,351.9711,134.687866
328,263,350.329468,134.358383
328,263,348.538269,134.116776
328,263,346.869995,133.910004
328,263,345.101349,133.537003
328,263,343.410889,133.391098
328,263,342,133
328,263,341,133
328,263,338.776733,133.067551
321.000031,267.000031,337.048309,132.920685
331.295074,260.254059,336,133
331.295074,260.254059,334,133
331.344238,260.213074,332,132
329,263,331,132
331.295074,260.254059,329.5,132
329,263,328,132
331.279999,260.540009,326,132
329,263,325,133
331.200012,260.600006,323.998474,132.472305
329,263,322,133
329,263,321,133
329,263,320.034485,133.086212
329,263,318.599976,133.199997
329,263,317.854095,133.16539
331.499969,260.999969,316,133
331.040039,260.720001,315.032867,133.312347
329.735138,260.989197,314.009857,133.599014
330.032471,261.205414,312.836151,133.607513
330.032471,261.205414,311.901001,133.658691
329.655182,260.137909,310.711792,133.83844
330.032471,261.205414,309.777283,133.829697
330.032471,261.205414,308.720001,134.039993
328,263,307.872833,134.173401
328,263,306.882568,134.324768
328,263,306.007996,134.543991
328,263,305.352325,134.599564
328,263,304.525177,134.757111
328,262,303.769257,134.846146
328,263,303.013672,135.066132
